1044883847
1044978070
1045079940
1045266265
1045323600
1045416637
1045451934
1045472523
1045860392
1045905134
1045928154
1046030137
1046037394
1046082830
1046088780
1046166654
1046250093
1046409587
1046611253
1046732171
1046847302
1047002523
1047028085
1047080833
1047183715
1047227947
1047282160
1047347497
1047404107
1047498814
1047866997
1048013470
1048427471
1048669502
1048680632
1049198655
1049371610
1049515980
1049707685
1049886671
1050440187
1050665271
1051008042
1051117683
1051391592
1051459745
1051518874
1051663305
1051852951
1051920685
1052029170
1052106481
1052246844
1052431674
1052690963
1052719007
1052781250
1052937860
1053004077
1053817920
1053848037
1053909085
1053932022
1053964004
1054096047
1054116683
1054177971
1054635892
1054837933
1054868475
1055071394
1055120393
1055184702
1055399471
1055448402
1055455117
1055483684
1055527042
1055563804
1055842034
1056081044
1056385521
1056809800
1056902055
1057219270
1057473534
1057634475
1057734167
1057791327
1058024850
1058594922
1058772411
1058773497
1059084647
1059181801
1059271500
1059296405
1059611977
1059963501
1059970711
1060006650
1060217907
1060239831
1060265673
1060295975
1060395362
1060603161
1060606881
1060751241
1060897240
1061381040
1061438617
1061713375
1061811917
1062016185
1062226601
1062753310
1063112127
1063240861
1063242993
1063247770
1063262107
1063325773
1063377732
1063650830
1063778434
1063820614
1063988882
1064315925
1064373247
1064783082
1065043824
1065105440
1065194217
1065203750
1065266447
1065360930
1065363263
1065889670
1065949591
1066219041
1066345801
1066486042
1066625764
1066789573
1066934892
1066996612
1067059385
1067210492
1067518034
1068235035
1068303362
1068403770
1068469892
1068712852
1068772963
1069013020
1069079024
1069375852
1069462367
1069617570
1069773871
1069779004
1069785053
1070027961
1070639357
1070843113
1070952141
1071245084
1071279874
1071453831
1071676303
1071788027
1071853735
1071871474
1072024512
1072538297
1072543592
1072656700
1072728117
1072892194
1073070894
1073250262
1073255215
1073287041
1073396517
1073472371
1073701143
1074172460
1074305942
1074377524
1074410122
1074474512
1074703403
1074746463
1074898347
1075065887
1075212653
1075280017
1075439224
1075622053
1075732724
1076186033
1076196517
1076522974
1077742061
1078481991
1078500845
1078559203
1078575052
1078577997
1078698962
1079028500
1079076301
1079310482
1079640785
1080082782
1080205417
1080325345
1080626517
1080660892
1080807495
1080852824
1081281737
1081297435
1081534131
1081768361
1081926302
1082038757
1082113202
1082275041
1082531182
1082729755
1082955981
1082960433
1083015650
1083226957
1083917583
1084239687
1084648301
1084665892
1084968801
1085069695
1085265845
1085331002
1085359724
1085732907
1086925355
1087031364
1087304884
1087475905
1087482387
1087538750
1087555947
1087582125
1087903972
1087936580
1087976434
1088160210
1088362635
1088553085
1088683222
1088997537
1089027421
1089159047
1089380070
1091720842
1091735405
1091852237
1092040422
1092493017
1092836785
1093075884
1093291995
1093345840
1093495710
1093574105
1093654437
1093690037
1093772521
1093964711
1093986621
1093993754
1094212551
1094218781
1094302415
1094422483
1094627834
1094677155
1094951814
1095158631
1095240537
1095331395
1095333677
1095337711
1095343047
1095368482
1095802402
1095802822
1095806350
1095815864
1096184000
1096237777
1096748283
1096938913
1096958865
1097157853
1097479634
1097575707
1097669885
1097723523
1097744381
1097779603
1098056432
1098176320
1098328661
1098558271
1098750137
1098797290
1098879662
1098892762
1098970415
1099095292
1099150230
1099308413
1099369671
1099374237
1099473325
1099563641
1100483814
1100530985
1100993473
1101155771
1101218913
1101368794
1101697462
1102723712
1103321944
1104150515
1104543355
1105150594
1105262847
1105341723
1106086331
1106408171
1106420180
1106922653
1108277120
1108476592
1108616512
1109041240
1109824541
1110001165
1110091354
1111627437
1111659493
1111811257
1111942712
1112838904
1112862703
1113668717
1114211515
1114924107
1116636630
1117499467
1118088397
1118753833
1118756551
1119314742
1119418980
1119978433
1120637050
1120795061
1130541237
1130682281
1130750003
1131093907
1131217785
1131393035
1131783775
1132133385
1132198004
1132256701
1132504174
1132541894
1133111453
1133262727
1133591847
1133802607
1133972381
1134111540
1134437870
1134485524
1134955975
1135015215
1135085724
1135219064
1135333261
1135566212
1136109967
1136834680
1137087490
1137113647
1138726210
1138930901
1139764173
1140175340
1140470627
1140636943
1141105782
1141587920
1142378750
1142468230
1142699182
1142770711
1142835825
1142845681
1143155117
1143500635
1143989585
1144033875
1144045953
1144057194
1144168861
1144495517
1144608880
1145100770
1145146580
1146584711
1147012071
1147278087
1147787117
1148062323
1148171970
1148465190
1148556531
1148814435
1149179674
1149733490
1149774940
1149782495
1149827381
1149955862
1149967360
1150073475
1150087941
1150203454
1150217975
1150299757
1150360817
1150444274
1150630672
1151032534
1151336565
1151338381
1151374315
1151522187
1151644091
1151797550
1151894767
1151896724
1151924281
1152384470
1152689230
1153159455
1154283884
1154372105
1154792977
1154920585
1154970952
1155244082
1155380241
1155466771
1155641071
1156541267
1156956011
1157146674
1157395437
1157424540
1157614937
1157771964
1158296212
1158556797
1158617822
1158898221
1158938731
1159002303
1159009273
1159148945
1159163503
1159196444
1159296437
1159305592
1159746725
1160698504
1161005557
1161133861
1161808907
1162415625
1162567617
1162749961
1163013532
1163070420
1163109505
1163488534
1163639973
1163828465
1163962577
1163965240
1164034262
1164229092
1164437747
1164475834
1164552687
1164958357
1165309810
1165505740
1166738553
1166777841
1167186364
1167189994
1167815541
1168672760
1168681884
1169188300
1169434444
1169488440
1170023681
1170296503
1170422562
1170551522
1170574382
1171176422
1171461840
1172242491
1172530127
1172571555
1172958617
1173051445
1173224313
1173341253
1173381775
1173419433
1173544292
1173672472
1173742474
1173797017
1174008642
1174067383
1174108327
1174222981
1175310174
1176219967
1178300282
1178454401
1178497675
1178528594
1178716862
1179013242
1179451057
1179984884
1180135432
1180204177
1180598120
1180754180
1180845114
1180893965
1181096115
1181123481
1181227472
1181373183
1181577555
1181714847
1182415487
1182422535
1182424214
1182660077
1183230764
1183416797
1185098785
1187570434
1187810484
1187814151
1188066120
1188078483
1188381562
1188439371
1188483730
1188733227
1189035573
1189085240
1189091980
1189131991
1189575155
1189615035
1189752264
1189818461
1189852602
1190407882
1190525947
1190785973
1190953227
1191032907
1191050205
1191068444
1191173290
1191234595
1191241384
1191262305
1191271313
1191312074
1191330130
1191516491
1191780022
1191831565
1192115135
1192143920
1192284995
1192329893
1192349463
1192627177
1192937962
1193103017
1193111400
1193119677
1193210930
1193223594
1193257803
1193261523
1193280707
1193302353
1193422815
1193476841
1193481532
1193486764
1193945713
1194248883
1194279953
1194722387
1194868525
1194890397
1194944597
1194991743
1194996460
1195013275
1195031270
1195193463
1195202483
1195210033
1195213931
1195230310
1195239301
1195242140
1195295132
1195301385
1195349920
1195355694
1195469490
1195525064
1195579534
1195579654
1195617880
1195660012
1195661117
1195676222
1195740773
1195765702
1195813710
1195813973
1195817724
1195818831
1195910797
1195939921
1196003741
1196041067
1196233713
1196235387
1196267795
1196279641
1196295825
1196406181
1196479571
1196668955
1196908653
1197004025
1197026627
1197049855
1197051482
1197078174
1197174520
1197187737
1197197733
1197199510
1197206582
1197227673
1197291241
1197296195
1197354837
1197428275
1197439277
1197621984
1197641861
1197863207
1197951667
1197964571
1198011460
1198037251
1198174807
1198196144
1198202943
1198245071
1198245343
1198251274
1198253935
1198255227
1198304513
1198367585
1198480545
1198503091
1198543210
1198553711
1198927192
1198936953
1198951745
1198962033
1199124901
1199129295
1199218280
1199259753
1199271484
1199272300
1199275700
1199429884
1199430302
1199443862
1199457085
1199510103
1199923257
1200139367
1200161971
1200408322
1201019553
1201033152
1201307257
1201489165
1201573204
1201862992
1204183454
1205327312
1205821651
1206200721
1206535402
1210107497
1210132680
1210243890
1210262572
1210340593
1210417191
1210446557
1210484515
1210510191
1210544092
1210558765
1210687470
1210701511
1210708282
1211018763
1211025361
1211230477
1211241081
1211291140
1211291822
1211347591
1211421600
1211441865
1211446142
1211487522
1211491072
1211511555
1211583092
1211586862
1211668663
1211715652
1211721511
1212040547
1212290347
1212416110
1212444001
1212569750
1212612180
1212612565
1212641822
1212642787
1212643341
1212692170
1212717985
1212737015
1212755213
1212812142
1212882103
1212964325
1212980125
1213053171
1213070033
1213285144
1213328234
1213330765
1213332190
1213336394
1213338991
1213402210
1213431572
1213449613
1213452333
1213477011
1213586597
1213621921
1213676107
1213676700
1213699661
1213840027
1213860330
1213967742
1214027582
1214044570
1214052400
1214074324
1214075811
1214104372
1214131242
1214167420
1214176581
1214187957
1214198521
1214199461
1214390734
1214435497
1214455430
1214462192
1214466274
1214548420
1214609167
1214671945
1214686260
1214757327
1214823624
1214933733
1214943880
1214966907
1215073171
1215127521
1215131713
1215154365
1215155721
1215166532
1215485817
1215628120
1215646842
1215661424
1215926103
1216002517
1216042912
1216090522
1216157762
1216171981
1216180890
1216280897
1216351162
1216409082
1216416785
1216428815
1216494782
1216598840
1216706451
1216737550
1216752864
1216840217
1216893921
1216920623
1216928814
1217006693
1217088303
1217121765
1217173545
1217377375
1217383545
1217416855
1217543801
1217589487
1217595964
1217602561
1217641175
1217670843
1217672063
1217683181
1217733467
1217875912
1217914484
1217920715
1217970303
1217990505
1217997302
1218106072
1218149847
1218199117
1218293584
1218353337
1218376637
1218422001
1218543852
1218555153
1218602530
1218602594
1218636843
1218660542
1218690560
1218696700
1218798475
1218962580
1218984364
1218993325
1219120654
1219180350
1219252703
1219257087
1219323702
1219426171
1219486714
1219536125
1219548974
1219554043
1219665395
1219701947
1219703625
1219740401
1219769921
1219777105
1219827623
1219848022
1219872734
1219952281
1220097234
1220161913
1220303493
1220381234
1220411697
1220528151
1220642407
1220749761
1220765964
1220775155
1220782281
1220788934
1220811345
1220881153
1220914184
1220918082
1220938032
1220956867
1221159154
1221160753
1221193381
1221223904
1221275274
1221307373
1221332931
1221409483
1221424074
1221485670
1221497494
1221499161
1221631832
1221699650
1221727582
1221806091
1221820672
1221918363
1221923871
1221977811
1221993160
1222027802
1222030470
1222062284
1222074930
1222089373
1222154101
1222154814
1222206882
1222221682
1222347494
1222472587
1222493964
1222557775
1222618597
1222642124
1222714157
1222862544
1222984641
1223001785
1223061230
1223083274
1223094715
1223177564
1223214740
1223224213
1223231365
1223234207
1223245271
1223270024
1223272134
1223292322
1223322037
1223340695
1223354542
1223413884
1223445807
1223495570
1223537940
1223563670
1223596717
1223715780
1223746563
1223762551
1223764052
1223796315
1223820367
1223877100
1223882483
1223887331
1223986461
1224047812
1224066454
1224087094
1224138007
1224182400
1224208564
1224214644
1224234531
1224298130
1224307425
1224423090
1224425024
1224453352
1224507681
1224632591
1224642305
1224655627
1224702210
1224801831
1224870710
1224944697
1225043090
1225047627
1225080951
1225282581
1225335574
1225619851
1225636925
1225646491
1225688455
1225688582
1225692930
1225702895
1225855877
1225884255
1225928731
1225930842
1225934997
1226096513
1226097625
1226101740
1226106902
1226348635
1226454124
1226604002
1226663412
1226695655
1226770097
1226827090
1226866534
1226912344
1226963944
1227001930
1227034201
1227052954
1227058703
1227092651
1227094453
1227125192
1227297551
1227357354
1227367657
1227368500
1227376943
1227433433
1227500724
1227575923
1227577993
1227582972
1227600142
1227608981
1227620335
1227627711
1227650404
1227746830
1227816467
1227866577
1227891473
1227899773
1227962144
1227972904
1227973657
1228131382
1228155440
1228183611
1228185952
1228196907
1228274492
1228293531
1228302560
1228326145
1228400887
1228699980
1228752084
1228872973
1229000031
1229136784
1229143114
1229210072
1229269685
1229312810
1229344695
1229357851
1229366024
1229385395
1229522804
1229526997
1229530847
1229587265
1229595043
1229641152
1229647084
1229732130
1229739655
1229777643
1229853127
1229860611
1229898300
1229912733
1229941414
1230034367
1230083671
1230087645
1230122204
1230280714
1230332440
1230571321
1230572230
1230601140
1230707503
1230741054
1230758272
1230766685
1230782173
1230856804
1230900140
1231006850
1231054942
1231067520
1231252240
1231305824
1231313157
1231491533
1231585705
1231624112
1231624983
1231654104
1231659862
1231742162
1231821870
1231881481
1231920714
1231929801
1232013320
1232086567
1232114604
1232115415
1232420157
1232474551
1232483584
1232486541
1232518483
1232683737
1232995410
1233004137
1233067867
1233225987
1233349174
1233357963
1233400453
1233486457
1233488674
1233510345
1233629881
1233641762
1233932637
1233977407
1233991272
1234015637
1234139431
1234175927
1234177791
1234369163
1234430857
1234557003
1234611202
1234636680
1234777512
1234790363
1234802270
1234824080
1234867763
1234985232
1235086065
1235100901
1235147393
1235166063
1235286011
1235290055
1235343675
1235481400
1235605375
1235606067
1235608015
1235729030
1235775083
1235845091
1235885652
1235927391
1236101530
1236135807
1236270431
1236368292
1236392942
1236464463
1236617023
1236666862
1236673583
1236811171
1236823572
1236862694
1236878161
1236930591
1236937620
1236963000
1236990305
1237022097
1237047140
1237117805
1237119251
1237145772
1237185222
1237199264
1237207140
1237375185
1237425071
1237685690
1237940562
1237946757
1238045504
1238058892
1238206062
1238216904
1238233210
1238296465
1238422954
1238577814
1238585802
1238706931
1238858520
1238864862
1238871661
1238878107
1238888051
1238962393
1238999932
1239143795
1239149772
1239154481
1239296380
1239400482
1239419462
1239429571
1239449517
1239499584
1239547671
1239577657
1239612320
1239692810
1239806715
1239823780
1239832541
1239911891
1239914183
1240149237
1240196953
1240211935
1240244104
1240258513
1240375710
1240462701
1240660113
1240780154
1240943365
1240970520
1241030437
1241146247
1241232353
1241241610
1241384363
1241620987
1241693512
1241800394
1241868095
1241996937
1242132612
1242159260
1242347047
1242510242
1242523811
1242537823
1242546065
1242548250
1242587791
1242647547
1242719224
1242749057
1242759767
1242868151
1242998985
1243115577
1243242747
1243255177
1243484554
1243515923
1243531500
1243581551
1243629662
1243681662
1243765252
1243779824
1243833921
1243861097
1243977741
1244124602
1244137521
1244143874
1244180337
1244260287
1244300263
1244329803
1244332855
1244344274
1244393630
1244410350
1244483294
1244515407
1244520534
1244539134
1244558383
1244589914
1244799865
1244807334
1244838315
1244849385
1244854062
1244942385
1244987491
1244994592
1245155847
1245222050
1245460065
1245471874
1245555403
1245556211
1245559627
1245603451
1245647913
1245654320
1245704783
1245759055
1245760717
1245849705
1245941660
1246056297
1246101143
1246167223
1246279100
1246317611
1246319961
1246328582
1246346520
1246379911
1246512917
1246574165
1246784407
1246788271
1246792191
1246799123
1246850033
1246998623
1247032715
1247087517
1247115055
1247326727
1247685455
1247715104
1247803362
1247915174
1247925925
1247985615
1248097471
1248284645
1248398530
1248424943
1248439290
1248608975
1248661591
1248711314
1248793710
1248877915
1248905015
1249062485
1249076711
1249193961
1249220293
1249455760
1249459672
1249461161
1249523431
1249563785
1249629725
1249707277
1249713304
1249809703
1249818982
1249868373
1250010194
1250079387
1250097710
1250142153
1250173484
1250220695
1250255455
1250292060
1250335763
1250350957
1250353203
1250460355
1250572824
1250606675
1250742244
1250749821
1250781892
1251034833
1251046015
1251117554
1251122887
1251168064
1251291804
1251342207
1251361007
1251373793
1251415915
1251425243
1251600717
1251670284
1251694322
1251705760
1251730637
1251759695
1251859133
1251888535
1251981373
1252065597
1252181880
1252205311
1252234291
1252258005
1252372567
1252394172
1252429652
1252460474
1252488602
1252665133
1252694550
1252743172
1252770944
1252775204
1252839030
1252919494
1252988872
1253005725
1253020831
1253096662
1253137237
1253169312
1253170032
1253171532
1253206007
1253268747
1253303054
1253319680
1253349422
1253463177
1253497630
1253516590
1253546035
1253547852
1253611434
1253612917
1253615622
1253684952
1253687460
1253829625
1253867654
1254061283
1254062425
1254155337
1254170035
1254175543
1254175973
1254239115
1254261220
1254363682
1254373911
1254400847
1254420533
1254470047
1254487302
1254537562
1254557877
1254567274
1254627710
1254654277
1254657364
1254666684
1254745922
1254786054
1254823601
1254940981
1254982711
1255344010
1255619045
1255693601
1255788453
1255879981
1256034687
1256055663
1256155313
1256261324
1256311937
1256360734
1256413244
1256468594
1256470165
1256493385
1256498250
1256518663
1256583162
1256741783
1256780945
1256831737
1256851801
1256922182
1256939537
1256968554
1257069041
1257115512
1257330471
1257355460
1257368371
1257405000
1257776067
1257816534
1257829643
1257831543
1257943920
1257987221
1258009312
1258092755
1258093443
1258115573
1258124673
1258169744
1258259602
1258295710
1258387015
1258493707
1258555344
1258610397
1258708933
1258876643
1258889430
1258894562
1258941120
1259110474
1259159830
1259160182
1259175880
1259249694
1259257661
1259275384
1259280363
1259840015
1259873591
1259926573
1259929492
1260018163
1260048672
1260134537
1260156894
1260158893
1260165344
1260215284
1260535950
1261054965
1261076511
1261219854
1261294357
1261339940
1261478641
1261479767
1261490732
1261502060
1261590212
1261593713
1261602430
1261719752
1261726505
1261734453
1261770607
1261783040
1261783127
1261811630
1262269507
1262313785
1262456801
1262482411
1262482942
1262492074
1262629820
1262646032
1262702714
1262719025
1262725477
1262737061
1262746924
1262751464
1263092384
1263225184
1263303955
1263370824
1263375127
1263384951
1263437797
1263487987
1263498570
1263513215
1263562387
1263615855
1263642520
1263725901
1263751774
1263763553
1263837867
1263861221
1263878102
1263879332
1263901934
1263907114
1264046551
1264058473
1264144241
1264216187
1264239981
1264336511
1264346550
1264476737
1264480001
1264641310
1264738527
1264748873
1264775587
1264782087
1264791830
1264796317
1264845234
1264945817
1264976453
1265028973
1265030164
1265057942
1265061803
1265189091
1265205044
1265261007
1265281132
1265447162
1265448211
1265521187
1265679514
1265844614
1265896891
1265965213
1266055471
1266087731
1266191454
1266210507
1266285642
1266321801
1266333761
1266335557
1266351951
1266603090
1266818825
1266898032
1266948351
1267005507
1267018342
1267113133
1267113755
1267143977
1267182001
1267264905
1267384860
1267644467
1267775677
1267804507
1267936895
1267973413
1268099933
1268211561
1268217253
1268252377
1268273087
1268336651
1268356760
1268361881
1268379364
1268398393
1268453601
1268461330
1268461665
1268500521
1268570844
1268736172
1268804823
1268854405
1268865523
1269155152
1269183925
1269402871
1269658080
1269678270
1269729567
1269876013
1270006082
1270127560
1270144695
1270193431
1270213452
1270223541
1270354642
1270468784
1270520763
1270576293
1270635401
1270644375
1270651980
1270654030
1270686231
1270739603
1270869704
1270939440
1271086135
1271210451
1271273855
1271394395
1271533302
1271546254
1271601555
1271620824
1271662307
1271677264
1271736964
1271857291
1271918682
1271980112
1272094372
1272204830
1272293964
1272364911
1272518635
1272523893
1272576415
1272587514
1272606113
1272608795
1272621567
1272665252
1272752967
1272762190
1272780727
1272924854
1272950330
1273010945
1273087104
1273207332
1273211063
1273254633
1273263232
1273435660
1273521994
1273577253
1273633551
1273714772
1274091954
1274098991
1274236123
1274279533
1274393480
1274613601
1274620612
1274627492
1274692440
1274712361
1274855612
1274861732
1275017594
1275067994
