1275128277
1275182592
1275243071
1275316035
1275317484
1275365772
1275405720
1275636090
1275659132
1275729517
1275755910
1275801612
1275957525
1276025865
1276057012
1276097994
1276157277
1276195642
1276213631
1276262463
1276353233
1276368224
1276369440
1276458112
1276585173
1276595182
1276679282
1276990071
1276991844
1276997537
1277037007
1277051275
1277070947
1277076290
1277126544
1277207340
1277244860
1277261892
1277292297
1277316722
1277535633
1277653712
1277878857
1278020010
1278021732
1278083217
1278089051
1278102664
1278178992
1278350717
1278457115
1278662617
1278689470
1283468030
1283511372
1283562592
1279212695
1279222782
1279326302
1279413741
1279436292
1279702974
1280005274
1280008842
1280012914
1280232891
1280245551
1280299783
1280325845
1280353325
1280438540
1280533562
1280550645
1280650624
1280794714
1280823225
1280880931
1280910434
1280915735
1280981624
1280982144
1281045090
1281062667
1281072235
1281077141
1281128372
1281275314
1281356914
1281370074
1281382933
1281412703
1281463225
1281485314
1281512755
1281671444
1281938800
1282139592
1282243414
1282248131
1282260120
1282379445
1282437123
1282491971
1282581873
1282596777
1282618091
1282624470
1282630301
1282639920
1282871591
1282925593
1282944834
1283013954
1283022704
1283024157
1283275475
1283279242
1283308284
1283366434
1283373570
1283437117
1283604363
1283654212
1283658605
1283678450
1283698987
1283701253
1284139322
1284248702
1284798984
1285005975
1285313652
1285371772
1285414871
1285444267
1285452502
1285623193
1285623821
1285682935
1285785310
1285903624
1286023180
1286075927
1286090741
1286188085
1286602797
1286673063
1286690890
1286826415
1286849331
1286972031
1287048167
1287094001
1287275775
1287379781
1287478524
1287530200
1287567427
1287572480
1287641062
1287641382
1287736434
1287739882
1287788672
1288036110
1288109750
1288196443
1288274444
1288640027
1288739185
1288742557
1288760233
1288867254
1288946261
1289070473
1289202933
1289224514
1289226247
1289229125
1289356595
1289499180
1289599093
1289673393
1289919470
1289949281
1290251930
1290312715
1290674907
1290713875
1290833460
1290916360
1291036432
1291271817
1291334071
1291594305
1291777575
1291863004
1291934545
1292110145
1292126307
1292160754
1292167982
1292472882
1292479857
1292504940
1292666913
1292697961
1292815744
1292900754
1293392677
1293588015
1293595683
1293650027
1293968875
1294049220
1294086981
1294105884
1294171967
1294230333
1294317314
1294355705
1294675551
1294704187
1294835890
1294914034
1294953330
1295048517
1295056855
1295073167
1295189783
1295335802
1295346063
1295560007
1295599697
1295612091
1295614221
1295622662
1295647721
1295654394
1295886327
1295931665
1295951452
1296135393
1296154447
1296234567
1296241302
1296309071
1296331553
1296348605
1296466332
1296538670
1296760080
1296849181
1296857063
1296872952
1297022553
1297307531
1297413510
1297724663
1297735593
1297834464
1297961047
1298005302
1298135581
1298394110
1298425555
1298439270
1298574712
1298590020
1298688463
1298864802
1298916881
1298953435
1299116360
1299166353
1299238891
1299272414
1299848760
1299918635
1299989343
1300191500
1300291631
1300294500
1300374973
1300419694
1300438797
1300477091
1300480322
1300742557
1300758232
1300822044
1300994643
1301043494
1301104761
1301356721
1301486513
1301717713
1301717840
1301979723
1301992475
1302021340
1302069307
1302085357
1302154547
1302159122
1302203727
1302219477
1302363602
1302508271
1302514697
1302670237
1302680883
1302765334
1302836782
1302997462
1303023390
1303124751
1303154437
1303251947
1303410823
1303475517
1303925914
1303949417
1304048383
1304085187
1304089625
1304204200
1304537757
1304579737
1304745453
1304757095
1305176070
1305216984
1305328341
1305348472
1305555272
1305626744
1305632724
1305661365
1305786534
1305787691
1305877554
1306008422
1306244577
1306270751
1306333044
1306417047
1306573425
1306584053
1306660214
1306698983
1306794125
1306930134
1307229527
1307296987
1307311855
1307480345
1307753920
1307854340
1307991572
1308051790
1308273777
1308386532
1308391574
1308421433
1308632251
1308799277
1308869891
1308919674
1308929235
1309013465
1309028787
1309220905
1309383455
1309602732
1309713495
1309862862
1310094917
1310255983
1310395964
1310431532
1310627141
1310782477
1310929327
1310942082
1311024312
1311408252
1311594930
1311647517
1311696771
1311738741
1311751174
1311980574
1312108820
1312254715
1312296367
1312358235
1312429562
1312451841
1312557947
1312940690
1313218500
1313373850
1313377827
1313455195
1313651111
1313716912
1313791352
1313821802
1313935721
1313980395
1314172501
1314216492
1314221361
1314271913
1314454622
1314600423
1314616034
1314765340
1314901714
1314918212
1315022975
1315102014
1315321690
1315589433
1315648190
1315699771
1315741643
1315872081
1315968461
1315984794
1316018310
1316229480
1316244470
1316310724
1316433757
1316506527
1316678733
1316840150
1316864977
1316941342
1317008611
1317289887
1317333021
1317371843
1317375240
1317665495
1317821364
1317844937
1317854180
1318039954
1318088484
1318576105
1318816541
1318923154
1318935313
1319044510
1319116615
1319277982
1319331004
1319459415
1319605964
1319900275
1320097102
1320229134
1320428757
1320580541
1321253017
1321274774
1321674855
1321832174
1322507974
1322893030
1322920531
1322949871
1323141581
1323169292
1323442455
1323497222
1323691545
1324180595
1324208852
1324316930
1324482083
1324924352
1325224883
1325337672
1325352424
1326577521
1326899343
1326950847
1327047167
1327915620
1328014795
1328034982
1328040567
1328154560
1328205344
1329172522
1329210795
1330425445
1331717377
1333487883
1334810250
1335005821
1335721235
1335826800
1335908661
1335911420
1336365145
1336402902
1336503485
1336598481
1336934330
1336959003
1337291960
1337440503
1337977302
1338152437
1338246804
1338543175
1338619913
1338670507
1338738570
1338828443
1338973090
1339177684
1339340891
1339394641
1339794474
1339841140
1340107455
1340243584
1340311784
1340404854
1340497320
1340552632
1340638627
1340737234
1340782340
1340800442
1340986653
1341063687
1341077754
1341128440
1341155903
1341165954
1341267064
1341557757
1341617114
1341681213
1341690667
1341919862
1341951674
1342432615
1342697150
1342732931
1342758173
1343008103
1343133382
1343470902
1343887012
1343930680
1344074947
1344075047
1344215220
1344388334
1344757242
1344877953
1344888702
1344952934
1345034295
1345086213
1345438894
1345566427
1345871305
1345943410
1346114677
1346337351
1346374203
1346728945
1346739145
1346774575
1346936952
1346962703
1347137072
1347216921
1347533851
1347626494
1347631750
1347680337
1347890437
1347972797
1348015425
1348026261
1348344583
1348501477
1348771741
1348977755
1349044517
1349167025
1349305274
1349504004
1349511427
1349673141
1349828021
1349895712
1350110252
1350346880
1350445941
1350919122
1350947532
1350986167
1350995007
1351153484
1351420721
1351434897
1351740540
1351876560
1351998163
1352166393
1352201410
1352341500
1352359750
1352591014
1353451412
1353866045
1353984753
1354104912
1354113100
1354312055
1354337054
1354427525
1354556925
1354645954
1355062543
1355539832
1355610915
1356122422
1356164695
1356266137
1356289201
1356294267
1356834871
1357062391
1357068087
1357104735
1357566903
1357579865
1357746894
1358831865
1359235530
1359352247
1359482170
1359713740
1359895727
1360096180
1360225132
1360260442
1360590412
1360746095
1360871524
1360902274
1361015050
1361024910
1361120420
1361247557
1361649760
1361842761
1362438910
1362607654
1363262785
1363377084
1363537703
1363729860
1363764021
1363806760
1363900321
1364233411
1364334665
1364364140
1364552715
1364604732
1364666523
1364902562
1365724770
1366044930
1366103182
1366445691
1367061507
1367556822
1367557270
1367559040
1368239144
1368527944
1368961974
1369129164
1369642135
1369786350
1369909221
1370458142
1370747060
1371031573
1371277333
1371469100
1371606275
1371627930
1371672540
1371890092
1372011221
1372139985
1372369381
1372925063
1373482625
1373539132
1373550167
1373775107
1373804641
1373847100
1373882025
1374153012
1374156003
1374206284
1374321353
1374834850
1375241735
1375571140
1375833007
1375871071
1376423664
1376603223
1376691680
1376693441
1376891547
1376992745
1377128793
1377132695
1377146083
1377828950
1378010100
1378130195
1378148655
1378286321
1378915334
1379138713
1379198304
1379749181
1380296654
1380339191
1380361824
1380509177
1381267622
1381366953
1385600575
1389595163
1390181804
1390250385
1390429635
1391453907
1391486495
1391762827
1391790894
1391954182
1392026183
1392476045
1392859820
1393314791
1393343594
1393543682
1393611615
1393770305
1393779571
1393844385
1394159121
1394253871
1394317400
1394326587
1394532803
1394819513
1395167943
1395427017
1395714244
1395719667
1395938480
1396441702
1396728782
1396772771
1397127810
1397206420
1397292233
1397357980
1397377070
1397440624
1397674785
1397809237
1397846715
1398362517
1398486572
1398680483
1398905345
1400019342
1400028462
1400061661
1400072192
1400100803
1400110885
1400115374
1400122351
1400124800
1400141273
1400141694
1400147553
1400159791
1400182494
1400190101
1400226190
1400274832
1400335824
1400355895
1400366585
1400374281
1400401362
1400419964
1400448515
1400462735
1400464737
1400498651
1400504813
1400552840
1400565967
1400577362
1400578983
1400579754
1400604003
1400609515
1400613260
1400645901
1400661063
1400661321
1400665975
1400672683
1400675340
1400678703
1400684797
1400702295
1400709400
1400722343
1400733775
1400743947
1400746721
1400750803
1400774907
1400776392
1400777267
1400778087
1400785274
1400831155
1400831884
1400852701
1400858763
1400868693
1400872414
1400884571
1400893764
1400900771
1400913802
1400913913
1400918617
1400921537
1400935015
1400941374
1400979767
1400987355
1401051262
1401055392
1401103625
1401114217
1401117017
1401117041
1401124680
1401126227
1401129932
1401132435
1401136985
1401163070
1401165861
1401197394
1401207567
1401219732
1401232392
1401240924
1401286532
1401301110
1401301847
1401326174
1401351433
1401365574
1401370243
1401379133
1401385474
1401392333
1401409894
1401426195
1401476303
1401502421
1401514717
1401525322
1401539467
1401560432
1401562100
1401566155
1401587594
1401595950
1401607751
1401630244
1401649273
1401682623
1401688867
1401726090
1401729680
1401736161
1401738053
1401742784
1401747072
1401790792
1401793024
1401878904
1401884564
1401885342
1402007153
1402014321
1402048824
1402058852
1402077542
1402082255
1402117917
1402240624
1402244454
1402247482
1402295867
1402417823
1402456534
1402507410
1402512757
1402541727
1402596691
1402598241
1402602034
1402627720
1402670914
1402725634
1402727640
1402731090
1402772730
1402849741
1402916112
1402970545
1402991485
1402992984
1403017563
1403031120
1403043291
1403082794
1403090591
1403140001
1403166892
1403176075
1403196610
1403200584
1403222982
1403262007
1403366091
1403374652
1403384367
1403413555
1403450287
1403477217
1403495922
1403497553
1403517201
1403528734
1403685252
1403692807
1403762997
1403783740
1403841723
1403859221
1403992807
1404006680
1404091460
1404109317
1404112195
1404134190
1404172854
1404186640
1404211582
1404212364
1404222294
1404223645
1404261572
1404275415
1404277763
1404306777
1404313043
1404336112
1404410232
1404497104
1404501024
1404510870
1404518130
1404535915
1404655112
1404709514
1404880650
1404893395
1404928251
1404928432
1404935322
1404989631
1405018012
1405066371
1405081220
1405092883
1405120365
1405156857
1405262177
1405294082
1405355027
1405371704
1405374993
1405384105
1405402891
1405426355
1405436495
1405441825
1405519890
1405552251
1405598711
1405603123
1405607114
1405613724
1405627297
1405629045
1405662142
1405689842
1405771921
1405906767
1405932271
1405954457
1405982765
1406011817
1406012951
1406039187
1406059990
1406072714
1406075931
1406093112
1406096713
1406107160
1406136414
1406257711
1406269870
1406285363
1406301904
1406303657
1406311827
1406375751
1406385101
1406411435
1406462961
1406481964
1406500242
1406504323
1406554275
1406567893
1406601012
1406615042
1406693632
1406709750
1406735960
1406765925
1406797140
1406863777
1406863974
1406876055
1406878244
1406939757
1407050804
1407081341
1407091453
1407092022
1407132951
1407134132
1407172042
1407181074
1407188352
1407198587
1407217660
1407219330
1407229205
1407245013
1407273825
1407297972
1407325822
1407359677
1407381861
1407395582
1407454321
1407484467
1407494625
1407511193
1407581827
1407604917
1407614300
1407615121
1407659097
1407743581
1407769321
1407774301
1407822113
1407882697
1407950073
1408103917
1408106924
1408107361
1408204547
1408206134
1408213595
1408227092
1408302964
1408371413
1408384887
1408464934
1408472090
1408478475
1408487815
1408510937
1408550435
1408605721
1408672281
1408728613
1408855901
1408895495
1408932587
1408987424
1409000904
1409191103
1409206105
1409231900
1409243997
1409248631
1409262577
1409281492
1409327363
1409406322
1409465895
1409513935
1409579722
1409641387
1409679830
1409684863
1409737972
1409742925
1409759373
1409841902
1409871493
1409914860
1409945792
1410107127
1410161460
1410182980
1410183874
1410233353
1410243153
1410246850
1410258267
1410263715
1410408990
1410446550
1410448443
1410460622
1410494097
1410533663
1410605194
1410661375
1410723272
1410739294
1410791025
1410893472
1410926373
1410996523
1411022080
1411115280
1411181767
1411205821
1411228873
1411258273
1411272691
1411337454
1411411630
1411506593
1411832664
1411843922
1411845764
1411999605
1412113984
1412342014
1412395544
1412467654
1412709911
1412773094
1412779214
1413037451
1413158753
1413198651
1413642270
1413907332
1414045645
1414052163
1414118303
1414722201
1414734007
1414793687
1414838205
1414962687
1415071573
1415389047
1415507290
1415643344
1415756163
1415759827
1415959607
1416564634
1416590047
1416699451
1416768645
1416915987
1416925852
1416936184
1416971885
1416976144
1417063475
1417136243
1417203230
1417229605
1417246527
1417277760
1417317485
1417564072
1417627710
1417628457
1417670342
1417701273
1417719822
1417779943
1417793007
1417827361
1417831021
1417844075
1417873352
1417978553
1418019002
1418073661
1418211252
1418406953
1418415702
1418430685
1418443437
1418528572
1418674172
1418681720
1418801682
1418837053
1418889797
1418913277
1418987422
1419020905
1419064461
1419207125
1419277787
1419398113
1419401582
1419504684
1419588650
1419614404
1419896934
1419929311
1420115580
1420268395
1420311823
1420398274
1420458441
1420484005
1420488337
1420523515
1420657134
1420721487
1420791911
1420910097
1420991697
1421350927
1421396795
1421423121
1421429227
1421437592
1421453623
1421458883
1421560561
1421618101
1421629273
1421672883
1421700641
1421714955
1421775750
1421805082
1421910560
1421949464
1421979272
1421987824
1422088992
1422120423
1422239470
1422260303
1422355121
1422377505
1422486733
1422539701
1422627524
1422715995
1422838732
1422892323
1422898541
1422912215
1423040264
1423094280
1423096702
1423110231
1423155224
1423182655
1423234940
1423290444
1423424121
1423561657
1423567975
1423705595
1423776705
1423817664
1423927377
1424363322
1424495045
1424551794
1424769945
1424802445
1424872714
1424901071
1425156457
1425371234
1425433854
1425460370
1425515352
1425557517
1425573921
1425721544
1426100241
1426145205
1426269135
1426274585
1426414054
1426517737
1426541142
1426573421
1426576502
1426730433
1426770380
1426997397
1427076181
1427099363
1427115150
1427162783
1427342283
1427502933
1427639247
1427727480
1427749604
1428011695
1428141323
1428162532
1428213731
1428257632
1428394434
1428414882
1428444007
1428451143
1428546035
1428571687
1428620991
1428917002
1428949741
1429499020
1429532133
1429731331
1429858110
1429979413
1430041935
1430045565
1430080342
1430377801
1430430223
1430697664
1430843272
1430906525
1430987442
1431248754
1431269710
1431311330
1431553377
1431662772
1431851723
1431994550
1432120073
1432340100
1432433373
1432474305
1432600341
1432724711
1433320585
1433480703
1433534873
1433540682
1433740551
1433765237
1433791590
1433912694
1433933414
1434009002
1434114220
1434387020
1434447807
1434490112
1434544810
1434559071
1434782600
1434824254
1434847565
1434919607
1435028335
1435160552
1435169081
1435249813
1435546365
1435728905
1435751894
1436134017
1436272467
1436291833
1436622734
1436624501
1436631111
1436680603
1436784051
1436787410
1436852281
1436854392
1436910565
1437127981
1437156217
1437677204
1437679212
1437958414
1438318805
1438322273
1438361092
1438463025
1438548141
1438581682
1438783953
1438956497
1439021195
1439092534
1439117672
1439364292
1439486270
1439545115
1440021635
1440117613
1440312321
1440355645
1440385503
1440605791
1440612974
1440711464
1440810750
1440889075
1441187424
1441375021
1441564291
1441627070
1442378302
1442744271
1442841184
1442859813
1443066650
1443269890
1443295987
1443403813
1443599461
1443814634
1444387595
1444608971
1444726565
1444750260
1444837257
1445222293
1445263024
1445269407
1445339600
1445385812
1445758884
1445845420
1445912433
1445968042
1446075535
1446426023
1446825214
1446847653
1448032320
1448223217
1448616985
1448805521
1449091475
1449138034
1449245303
1449264502
1449352907
1449558025
1449902701
1449914703
1450047940
1450409871
1450487511
1450567380
1450569965
1450686242
1450767751
1450805277
1450874134
1451609557
1451757570
1452179641
1452339352
1452562370
1452737477
1452758737
1452791607
1453006924
1453045553
1453143674
1453458510
1453515071
1453542090
1453785402
1454122663
1454384851
1454393702
1454491530
1454525442
1454538862
1454748700
1454832353
1455039933
1455200375
1455282407
1455438447
1455643221
1455768124
1455933853
1455964030
1456070103
1456115144
1456208452
1456313374
1456407567
1456491803
1456700833
1456948745
1457009541
1457064820
1457207115
1457230713
1457616444
1457708384
1457734233
1457748605
1457760412
1457824123
1457889750
1458426350
1458608654
1458716860
1458816737
1459002593
1459081792
1459094513
1459110290
1459178177
1459281530
1459463412
1459567682
1460314715
1460320015
1460388433
1460406435
1460618941
1460722121
1460788851
1460808110
1461035420
1461104390
1461121753
1461633041
1461760514
1461830555
1462062613
1462205874
1462352105
1462356705
1462494997
1462712060
1462906372
1463007365
1463020174
1463031777
1463319804
1463451165
1463770597
1463960310
1464104230
1464374332
1464415497
1464686767
1464764661
1464946472
1464952497
1465027530
1465128340
1465136035
1465256443
1465394054
1465602704
1465832951
1466826857
1467267694
1467390190
1467742844
1467993893
1468692184
1469125513
1469455365
1469635387
1469744187
1469986817
1470044103
1470110647
1472504524
1473507650
1473510110
1473632960
1474398241
1474675044
1475950287
1477045392
1477283374
1478087967
1478235420
1478953803
1479547737
1480235164
1481028245
1481031351
1481365165
1481539124
1481638480
1481717552
1481944214
1482222663
1482275150
1483641285
1483820045
1483889825
1484286682
1484861791
1485056922
1485299324
1485471747
1485751883
1485985831
1486053430
1486181453
1486216264
1486289430
1486444564
1487670345
1488403267
1489028025
1489068690
1489293791
1489394665
1489616917
1489698887
1489902265
1490059534
1490453743
1490725535
1491235240
1491408501
1491550354
1491877052
1492434620
1492464510
1492634207
1492898617
1492975775
1494071595
1494258441
1494339231
1494561360
1494621444
1494646314
1494721357
1494760222
1494761561
1494768740
1494818470
1494825072
1494841622
1494846492
1494849215
1494856974
1494860827
1494877221
1494882470
1494882660
1494886895
1494890285
1494903985
1494908203
1494909887
1494912225
1494929067
1494929143
1495042643
1495083651
1495090737
1495100927
1495142977
1495168560
1495170647
1495195703
1495197303
1495294795
1495300780
1495305621
1495366083
1495418622
1495433400
1495451761
1495452561
1495474303
1495504453
1495515305
1495557554
1495920765
1495956560
1495983441
1496070307
1496133800
1496216285
1496277912
1496349574
1496372734
1496669653
1496809967
1496810010
1496810143
1496810234
1496810332
1496810587
1496811037
1496812685
1496812795
1496813162
1496813600
1496814384
1496815250
1496815333
1496815507
1496815617
1496815674
1496816104
1496816400
1496822442
1496823115
1496825470
1496826097
1496828660
1496829155
1496830243
1496832875
1496839747
1496839895
1496840462
1496846721
1496852457
1496852707
1496853144
1496853453
1496855072
1496855275
1496855785
1496856163
1496864063
1496865375
1496865482
1496873943
1496874104
1496874200
1496877014
1496878501
1496879970
1496880672
1496883303
1496883447
1496883920
1496886705
1496889422
1496891550
1496892453
1496900203
1496902910
1496903121
1496908871
1496909435
1496913123
1496915057
1496917672
1496919831
1496924291
1496924621
1496926321
