1496936831
1496937020
1496939465
1496950805
1496952253
1496953460
1496953713
1496956930
1496960132
1496962084
1496965035
1496970934
1496971322
1496971573
1496973012
1496978983
1496979512
1496987060
1496991573
1497004833
1497005227
1497011787
1497016162
1497020207
1497029740
1497031003
1497033123
1497034670
1497037173
1497042545
1497063214
1497069982
1497081840
1497102380
1497107003
1497108442
1497109584
1497112092
1497112841
1497118794
1497133011
1497138873
1497145741
1497149630
1497154613
1497163171
1497176702
1497181831
1497202357
1497202614
1497208397
1497218733
1497236680
1497236855
1497239724
1497247924
1497248774
1497253893
1497254357
1497263342
1497266011
1497275914
1497278917
1497294450
1497295771
1497303984
1497311183
1497324694
1497337850
1497340782
1497350891
1497365630
1497369451
1497371874
1497372753
1497376804
1497381273
1497384742
1497385885
1497388291
1497400305
1497404254
1497408551
1497429133
1497453537
1497459454
1497470421
1497472801
1497476123
1497481650
1497490531
1497504301
1497510281
1497511602
1497520674
1497565062
1497567365
1497582273
1497596942
1497598471
1497606651
1497609517
1497628144
1497650062
1497659553
1497661131
1497671984
1497681887
1497691927
1497694634
1497696755
1497698300
1497698533
1497700524
1497708930
1497719315
1497747221
1497757932
1497761787
1497763825
1497778187
1497790250
1497793914
1497802824
1497805902
1497807965
1497822610
1497825231
1497865917
1497874613
1497879285
1497882593
1497902170
1497912551
1497917051
1497920271
1497927183
1497983190
1497995054
1497996114
1498003692
1498020040
1498020781
1498075017
1498075523
1498087871
1498102104
1498156715
1498181060
1498190644
1498203930
1498264805
1498289603
1498350777
1498359225
1498385600
1498415913
1498441097
1498451061
1498453901
1498467103
1498490387
1498519183
1498522961
1498566722
1498597802
1498613473
1498634791
1498693983
1498703295
1498719684
1498729425
1498760730
1498789610
1498847134
1498867281
1498884072
1498897093
1498915434
1498919751
1498931627
1498941337
1499017852
1499036410
1499056580
1499057441
1499058997
1499086323
1499102183
1499125502
1499166981
1499168402
1500268863
1500462365
1500645711
1500662492
1500819334
1500823650
1500894097
1501038477
1501097747
1501369724
1501424153
1501462164
1501663583
1501877483
1502539153
1502549302
1502716213
1502846251
1502857220
1503923040
1504051013
1504220930
1504730797
1504781070
1504965870
1505167247
1505306897
1505326290
1505628785
1505641022
1505652910
1505911457
1506083325
1506089455
1506133430
1506144921
1506181774
1506345193
1506381911
1506465465
1506985137
1507381912
1507427433
1507485643
1507534910
1508342360
1508357115
1508563845
1509004154
1509046863
1509285653
1509501825
1510050685
1510050924
1510251082
1510277614
1510403012
1510573880
1510608922
1511391910
1511839131
1512289220
1513367932
1513391691
1513492631
1513792307
1514407780
1514808497
1515750762
1515873283
1516701972
1517240605
1517293903
1517348514
1517857090
1517882181
1517938582
1519133697
1520288474
1521316680
1522344310
1523125043
1523372114
1523460103
1523740633
1525065041
1525123817
1525279932
1525396581
1525398121
1525666497
1525789137
1526078117
1526447341
1526488923
1527337692
1528363305
1528417190
1528462485
1529019511
1529023370
1529132013
1529611544
1529854641
1530164261
1530262710
1530266980
1530330370
1530364532
1531248900
1531605703
1532259637
1532385255
1532415541
1533547605
1534701410
1536205605
1536211941
1536239421
1538944397
1539037925
1539481960
1540413625
1541873940
1542404693
1542849071
1542850114
1543575553
1543595915
1544130665
1545235742
1545694181
1546462587
1546732747
1547254891
1547268754
1547286441
1547398090
1547582344
1547596314
1547662703
1547883203
1548158724
1548186610
1548432187
1548936613
1548989157
1549033480
1549259814
1549275894
1549309922
1549336212
1549342227
1549514783
1549575922
1549649415
1550183763
1551253713
1551759032
1552701975
1553654573
1553953207
1554710050
1556415707
1556964775
1557059907
1557107441
1557180661
1557224302
1557348133
1557363905
1557549197
1557909420
1557932961
1557993317
1558066972
1558205014
1558247760
1558338955
1558352473
1558437531
1558793553
1559428365
1559439993
1559444003
1560470534
1560565231
1560706070
1560925677
1561292442
1561501090
1561579573
1561667213
1562085702
1562395441
1562550402
1562788433
1562837540
1562876885
1562888340
1562890041
1562918772
1562937642
1562982782
1563072665
1563231475
1563288345
1563421267
1563556434
1563666087
1563815015
1563822650
1563926367
1564080017
1564125471
1564126474
1564266095
1564314851
1564391452
1564417750
1564480134
1564487460
1564496207
1564529607
1564533842
1564693257
1564844420
1564873575
1565191173
1565737962
1565748040
1565905784
1565924341
1565929160
1566117120
1566117612
1566132073
1566160750
1566206431
1566217177
1566360510
1566395030
1566450990
1566540655
1566974900
1567011365
1567017267
1567028045
1567226054
1567247672
1567281211
1567347653
1567417710
1567615204
1567662600
1567859661
1567862431
1567875513
1567879002
1568655160
1568707412
1568754727
1569224553
1569233282
1569241975
1569249227
1569343524
1569371722
1569405897
1569469735
1569507770
1569555372
1569593915
1569595067
1569801533
1569898607
1570094123
1570105067
1570113091
1570141015
1570206843
1570243271
1570643804
1570822200
1570928634
1571137634
1571186143
1571255774
1571270510
1571290677
1571396705
1571428333
1571436052
1571450150
1571489423
1571494117
1571568472
1571570712
1571571502
1571633852
1571835713
1571904063
1572064513
1572149760
1572161190
1572307547
1572412791
1572513024
1572934125
1572946760
1573047470
1573167787
1573178491
1573382760
1573432091
1573486971
1573507563
1573555082
1573607807
1573677497
1573794683
1573819515
1573932473
1573983307
1573999324
1574032012
1574056185
1574378720
1574436402
1574457721
1574794582
1575025331
1575366887
1575400191
1575809774
1575948454
1575997932
1576026592
1576057675
1576085750
1576105243
1576112363
1576129441
1576185864
1576196654
1576228124
1576249402
1576272212
1576277490
1576337081
1576525905
1576541050
1576741057
1576932667
1576998945
1577225253
1577238851
1577548202
1577558571
1577617624
1577801554
1578121711
1578138253
1578495992
1578573674
1578594724
1578736781
1579586222
1579637913
1579667200
1579668872
1579681914
1579718137
1579790277
1579944885
1580245353
1580292967
1580395284
1580761620
1580853764
1581182203
1581222370
1581316265
1581391555
1581506540
1581534933
1581571412
1582428367
1582478311
1582488432
1582922582
1582986010
1582986832
1583217641
1583301001
1583361251
1583541225
1583592513
1583678567
1583938975
1584211781
1584249503
1584547665
1584664364
1584716581
1584853770
1584926510
1584950313
1585683147
1585769837
1586120792
1586150591
1586491253
1586505725
1586539115
1586585617
1587052557
1587080052
1587129521
1587429353
1587441291
1587443771
1587475691
1587581291
1588328734
1588460680
1588576675
1589062442
1589165904
1589325222
1589363474
1589368661
1589627363
1589639040
1589641045
1589686524
1589689481
1589744353
1589811414
1589972301
1590100250
1590130290
1590144567
1590396604
1590764027
1590764534
1590767167
1590809213
1590963242
1591036500
1591041944
1591050730
1591063913
1591171614
1591432414
1591437290
1591454823
1591623072
1592260430
1592438920
1592638463
1592691543
1592832157
1592861452
1592896764
1593014772
1593016192
1593163950
1593535177
1593845713
1593964381
1594013097
1594052081
1594079111
1594643405
1594728512
1594735703
1594793480
1594859573
1594941220
1594996444
1595233933
1595253052
1595292257
1595453585
1595524815
1595987757
1596039832
1596112390
1596248761
1596354251
1596435781
1596504330
1596614565
1596767013
1596769111
1596831187
1596984831
1597350030
1597475331
1597477855
1597806203
1598091662
1598160954
1598165864
1598174154
1598278987
1598488054
1598524121
1598682795
1598773334
1599062121
1599442550
1599607215
1599665245
1599722593
1599870442
1599904000
1599912957
1599985210
1600214747
1600299927
1600373550
1600408103
1600471237
1600514277
1600679262
1600930023
1601215993
1601221647
1601629570
1601641551
1601810424
1601821022
1601873422
1601900585
1602002202
1602189465
1602324310
1602432505
1602488772
1602494814
1602756051
1602803507
1603124194
1603173445
1603279215
1603333203
1603436490
1603570182
1603580067
1603643111
1603695863
1603928591
1603959815
1604013295
1604182325
1604237102
1604510234
1604560270
1604595995
1604954911
1605442484
1605625353
1605628733
1605817614
1605820422
1605894394
1606087470
1606231620
1606280877
1606301671
1606366627
1606653982
1606662802
1606664877
1607072352
1607619570
1607640981
1607928611
1608040082
1608069231
1608430072
1608446650
1608454083
1608757731
1608887727
1609297967
1609686885
1609702707
1610003354
1610132560
1610313295
1610475897
1610613224
1610918270
1611235542
1611637751
1611853174
1611909973
1612004440
1612172031
1612183685
1612188637
1612242874
1612989970
1613109744
1613590073
1613659563
1613710365
1613774723
1614010350
1614107635
1614282004
1614308527
1614621960
1614804045
1614853664
1614864123
1614976390
1615670221
1615726415
1615743707
1615793082
1615874820
1615883041
1615980522
1616192700
1616648373
1616893940
1617125181
1617286273
1617436150
1617517233
1617531211
1617770021
1617774874
1617868627
1617894857
1617946652
1618024307
1618149372
1618289365
1618563377
1618616557
1618663331
1619140677
1619589784
1619696992
1619926951
1619984284
1619994554
1620012833
1620310983
1620685513
1620844155
1621063833
1621262385
1621323850
1621330003
1621411234
1621501920
1621505790
1621607711
1621772865
1622202783
1622384143
1622422264
1622480237
1622643194
1622953592
1623009617
1623301265
1623336534
1623370423
1623534545
1623708324
1623797092
1623878057
1623901964
1624043215
1624056110
1624156760
1624204183
1624231415
1624258264
1624280903
1624308273
1624366954
1624386320
1624552247
1624564725
1624883694
1624923517
1624979197
1624985090
1625060405
1625074525
1625278114
1625294380
1625385971
1625465550
1625581010
1625761310
1625854370
1625866571
1625876300
1625877902
1626167435
1626185973
1626359332
1626383402
1626476692
1626485900
1626496850
1626576777
1626678462
1626835814
1626862955
1626969883
1627164420
1627181832
1627256245
1627387301
1627457672
1627458504
1627650725
1627673351
1627769952
1627789257
1627978403
1628053402
1628073650
1628227273
1628311687
1628539815
1628559413
1628562883
1628607002
1628623725
1628637944
1628683864
1628860034
1628867530
1629031935
1629035173
1629167705
1629245093
1629280272
1629312017
1629482687
1629806467
1629948105
1630048397
1630070705
1630405181
1630486185
1630597051
1630601031
1630622723
1630647731
1630680200
1630708871
1630899553
1630909973
1630930187
1631071584
1631072595
1631080283
1631197787
1631279582
1631311192
1631334422
1631344635
1631455300
1631812672
1631840360
1632067682
1632155184
1632167921
1632295562
1632432802
1632467837
1632538541
1632602517
1632742623
1632752800
1632790630
1632822820
1632922753
1632990895
1633015627
1633097600
1633108522
1633245742
1633277403
1633349412
1633359617
1633445777
1633721422
1633793811
1633807141
1633960552
1634056715
1634074550
1634244435
1634356362
1634392301
1634564397
1634723143
1634967923
1634973467
1635102993
1635138455
1635631932
1635720802
1635838673
1635890750
1635976694
1636405730
1636932465
1638666811
1638788957
1638847631
1638965542
1638982844
1639062135
1639109422
1639127253
1639132981
1639133562
1639152262
1639237982
1639242750
1639400852
1639489444
1639504915
1639510592
1639529981
1639572695
1639686013
1639729652
1639782387
1639804832
1639823323
1639925931
1639946295
1639986424
1640023754
1640025803
1640073824
1640092243
1640170880
1640182354
1640261745
1640307671
1640322532
1640332603
1640348075
1640365687
1640376730
1640469575
1640480973
1640532900
1640546901
1640569787
1640588040
1640788352
1641057314
1641060640
1641181192
1641232334
1641309377
1641323510
1641337330
1641400562
1641439742
1641468051
1641479813
1641482721
1641484430
1641514181
1641516145
1641530562
1641531573
1641533022
1641534103
1641536420
1641549693
1641550843
1641551021
1641562073
1641579573
1641585701
1641779407
1641965573
1641980350
1641983193
1641984545
1641984692
1641991437
1641991837
1641995393
1642014460
1642037802
1642050733
1642051034
1642051827
1642057875
1642071485
1642079181
1642084605
1642089391
1642090247
1642166364
1642179067
1642262394
1642273607
1642279895
1642280034
1642280270
1642281637
1642281812
1642283520
1642292714
1642315033
1642315170
1642325413
1642326133
1642333010
1642333454
1642337173
1642342003
1642347524
1642412143
1642417297
1642467340
1642471357
1642477723
1642481983
1642487125
1642492063
1642496532
1642498632
1642505890
1642519260
1642534233
1642540892
1642540914
1642544810
1642546674
1642554712
1642558997
1642579683
1642605821
1642618591
1642658941
1642711683
1642724277
1642735014
1642744491
1642746140
1642749707
1642752180
1642887842
1642909803
1642998617
1643046745
1643055531
1643099335
1643121322
1643145217
1643177612
1643179967
1643190480
1643192202
1643200223
1643204014
1643378784
1643815971
1643816284
1643867301
1643882543
1643905673
1643925650
1643942331
1643943572
1643950670
1643986137
1643993414
1644023434
1644034223
1644044052
1644047377
1644050554
1644057923
1644058611
1644078853
1644079430
1644081190
1644082674
1644084771
1644085053
1644119752
1644137721
1644137882
1644156601
1644156674
1644161863
1644197820
1644200694
1644204174
1644208265
1644213627
1644215251
1644215550
1644219775
1644244121
1644244603
1644246672
1644256067
1644259042
1644268990
1644273785
1644279764
1644284344
1644288455
1644294744
1644314892
1644317174
1644323881
1644325925
1644380357
1644408703
1644425112
1644439600
1644454847
1644461042
1644466203
1644471760
1644486402
1644489290
1644498197
1644501703
1644501721
1644508821
1644519174
1644520167
1644525685
1644527677
1644536683
1644536874
1644579224
1644603560
1644617742
1644620631
1644627417
1644631312
1644632235
1644634390
1644638113
1644638651
1644644131
1644644900
1644646780
1644650393
1644659052
1644661027
1644669663
1644671185
1644685257
1644687092
1644687622
1644687644
1644700753
1644700760
1644703475
1644714675
1644716742
1644724280
1644724561
1644724667
1644725023
1644762275
1644783600
1644795140
1644796637
1644796920
1644798250
1644827070
1644836863
1644860771
1644863103
1644895890
1644919701
1644920301
1644922365
1644930760
1644943405
1644945437
1644958337
1645025052
1645032862
1645061557
1645133515
1645171780
1645234782
1645270294
1645275375
1645275631
1645285122
1645311413
1645323400
1645346570
1645425130
1645528690
1645546677
1645546774
1645560420
1645565044
1645570042
1645572535
1645591993
1645593310
1645602040
1645609655
1645611725
1645620784
1645644847
1645648625
1645698303
1645764160
1645767571
1645769494
1645801164
1645804857
1645804987
1645814744
1645821917
1645823450
1645846211
1645853014
1645853215
1645856472
1645856977
1645863012
1645865563
1645890270
1645906990
1645933335
1645969327
1645979935
1645982465
1645986880
1646024525
1646047673
1646050927
1646057693
1646071561
1646077682
1646084121
1646107667
1646111380
1646142115
1646158257
1646199747
1646231521
1646241421
1646258733
1646263404
1646266327
1646270104
1646275110
1646279147
1646289094
1646364382
1646367803
1646418957
1646422590
1646428481
1646439033
1646446167
1646459195
1646467103
1646493427
1646528470
1646538513
1646544727
1646558585
1646564603
1646634692
1646953847
1647033130
1647193753
1647202041
1647209574
1647225837
1647232137
1647236092
1647245203
1647252040
1647258240
1647260695
1647285642
1647301844
1647305630
1647341145
1647375747
1647391554
1647396717
1647399683
1647412933
1647421022
1647434360
1647491711
1647497355
1647500982
1647502130
1647516012
1647638795
1647643642
1647678107
1647708374
1647708927
1647715344
1647729300
1647737692
1647838837
1647850417
1647858460
1647910043
1647923395
1647933321
1647933511
1647940362
1648042095
1648054485
1648065683
1648066923
1648070182
1648130633
1648189790
1648190031
1648262210
1648267080
1648318544
1648325002
1648354643
1648358974
1648397431
1648433583
1648468624
1648573770
1648673792
1648677973
1648688803
1648723540
1648739153
1648774052
1648783660
1648792847
1648811647
1648819341
1648823070
1648845023
1648898547
1648920585
1648936692
1648939354
1648946004
1648947227
1648947805
1648952885
1648956712
1648957132
1648959820
1648967574
1648982272
1648986700
1648989767
1648991770
1648993502
1648997127
1648999603
1649008243
1649012103
1649014942
1649018933
1649020634
1649036300
1649064950
1649094535
1649095164
1649098397
1649118160
1649139084
1649148105
1649148272
1649148997
1649149540
1649152392
1649155294
1649157743
1649158847
1649160995
1649162343
1649162687
1649164123
1649165382
1649172441
1649173745
1649179842
1649190467
1649192831
1649197667
1649198572
1649200467
1649211293
1649211301
1649213185
1649216313
1649217095
1649221501
1649221587
1649222537
1649222762
1649227034
1649230270
1649235894
1649238292
1649247624
1649254410
1649260637
1649274692
1649289543
1649307777
1649319922
1649328410
1649332743
1649353994
1649360215
1649375675
1649393501
1649394725
1649398874
1649406532
1649408047
1649411240
1649416194
1649416404
1649419795
1649420797
1649421034
1649427083
1649442203
1649443577
1649467312
1649469977
1649472914
1649474352
1649506742
1649508080
1649578964
1649583017
1649586835
1649587917
1649600951
1649615782
1649635395
1649642121
1649642451
1649665197
1649667012
1649686092
1649694783
1649756907
1649779614
1649787232
1649824542
1649839623
1649867150
1649872295
1649906682
1649949231
1649970883
1650018143
1650024991
1650041497
1650044217
1650055235
1650072001
1650090492
1650097185
1650099453
1650101401
1650117933
1650121273
1650126500
1650178917
1650183295
1650227205
1650231234
1650236847
1650245525
1650258421
1650275192
1650291994
1650299807
1650304374
1650305567
1650306337
1650311271
1650319574
1650326734
1650337752
1650348082
1650357993
1650366141
1650380961
1650426327
1650426515
1650429683
1650433037
1650496964
1650516073
1650528515
1650530151
1650574401
1650578821
1650580621
1650613561
1650621610
1650621762
1650621940
1650627561
1650630830
1650631287
1650638721
1650647250
1650648303
1650674123
1650685432
1650687163
1650689355
1650718102
1650838135
1650861294
1650868427
1650871054
1650871654
1650895581
1650921363
1650964525
1650964600
1650983575
1650985293
1651054390
1651079861
1651137554
1651143444
1651172607
1651178211
1651178993
1651224923
1651392941
1651433432
1651440270
1651442653
1651487011
1651504743
1651507910
1651538747
1651586177
1651655033
1651661037
1651696750
1651767737
1651938303
1651948535
1651950170
1651960370
1651991053
1652027110
1652053074
1652069361
1652113460
1652128695
1652138412
1652230750
1652276150
1652295804
1652299590
1652336425
1652338413
1652356483
1652363372
1652375801
1652382402
1652414945
1652415201
1652434463
1652468621
1652482560
1652491674
1652493170
1652636010
1652640860
1652649613
1652659692
1652680145
1652681527
1652701152
1652709657
1652730314
1652738542
1652740550
1652761642
1652778493
1652835894
1652837301
1652843052
1652850534
1652850891
1652880220
1652886834
1652906421
1652927812
1652932423
1652980550
1652984645
1653008894
1653016694
1653088437
1653089030
1653104637
1653125991
1653136025
1653137353
1653140562
1653173290
1653185810
1653188714
1653191872
1653208172
1653220490
1653221821
1653222124
1653248601
1653251370
1653253594
1653301003
1653328092
1653369075
1653372173
1653377332
1653387434
1653390495
1653426304
1653443802
1653446941
1653463313
1653465997
1653469715
1653472004
1653476884
1653478674
1653483451
1653491364
1653496580
1653499301
1653502095
1653511674
1653527683
1653544271
1653552550
1653566322
1653626505
1653651223
1653682861
1653682961
1653686345
1653687671
1653687700
1653693081
1653700525
1653706345
1653714227
1653772520
1653783841
1653786535
1653796445
1653858334
1653863120
1653877775
1653883582
1653903883
1653919004
1653935934
1653936041
1653938794
1653945524
1653946425
1653978951
1654034024
1654034954
1654039644
1654068172
1654077255
1654123081
1654130143
1654135465
1654139550
1654140154
1654141992
1654149804
1654164382
1654164984
1654168963
1654186137
1654192490
1654224333
1654246694
1654267241
1654312177
1654382091
1654388902
1654454295
1654556671
1654561732
1654648811
1654716241
1654738184
1654743363
1654748492
1654759703
1654760053
1654762133
1654762921
1654794233
1654815052
1654822265
1654837130
1654882540
1654891640
1654927942
1654946501
1654988432
1655009693
1655044617
1655124757
1655181734
1655199997
1655213107
1655228105
1655242767
1655250297
1655308307
1655323177
1655390832
1655393344
1655393373
1655410665
1655464422
1655480754
1655493061
1655536711
1655554391
1655571364
1655586102
1655624591
1655629044
1655665171
1655673254
1655673881
1655691532
1655721193
1655725374
1655725445
1655754180
1655790102
1655790430
1655830264
1655850911
1655884035
1655910965
1655984565
1656026293
1656068961
1656074662
1656294972
1656303330
1656319672
1656324247
1656334564
1656344913
1656388122
1656478017
1656499031
1656552655
1656565920
1656597861
1656617052
1656628332
1656635835
1656657197
1656692251
1656703485
1656817247
1656839855
1656858771
1656902092
1656920567
1656961831
1656962733
1656963824
1656966581
1656971873
1657007411
1657009331
1657012752
1657022954
1657026974
1657028911
1657034563
1657045767
1657049502
1657065683
1657077563
1657099101
1657102881
1657108047
1657110212
1657195075
1657230323
1657248094
1657254824
1657255361
1657273170
1657275711
1657303804
1657363802
1657365074
1657439923
1657496315
1657544801
1657588485
1657599152
1657600324
1657619730
1657750372
1657800581
1657816435
1657828420
1657836623
1657856212
1657892212
1657936750
1657967320
1657978025
1658006737
1658023945
1658026540
1658052002
1658094897
1658169375
1658173527
1658219012
1658230341
1658242620
1658320004
1658397224
1658427822
1658443793
1658449157
1658474155
1658474312
1658495817
1658505617
1658513797
1658522751
1658536162
1658537491
1658548805
1658563530
1658583613
1658638894
1658645442
1658664944
1658702093
1658703763
1658713871
1658715641
1658720663
1658725993
1658764395
1658774702
1658803321
1658815390
1658834315
1658842413
1658852470
1658898823
1658959062
1658994950
1659006721
1659029303
1659064660
1659076052
1659107470
1659121745
1659129873
1659149381
1659207285
1659236470
1659256327
1659392072
1659479553
1659490415
1659490917
1659520204
1659554114
1659585493
1659590357
1659598372
1659638945
1659719843
1659771960
1659796231
1659801090
1659803673
1659825360
1659853654
1659879224
1659891931
1659897301
1659904970
1659908572
1659957115
1660024405
1660025227
1660025662
1660051347
1660073771
1660102357
1660140701
1660148683
1660213530
1660225490
1660293490
1660325967
1660326740
1660361740
1660370462
1660375054
1660378587
1660388247
1660399881
1660464931
1660467475
1660625345
1660700704
1660709141
1660727202
1660728647
1660825473
1660879824
1661103543
1661147634
1661182933
1661235854
1661266500
1661281175
1661289891
1661320660
