1661353484
1661370904
1661390082
1661455814
1661496441
1661519944
1661522564
1661633482
1661634433
1661660347
1661702887
1661706121
1661725110
1661764533
1661787487
1661828422
1661830127
1661857072
1661865094
1661883361
1661921374
1661922615
1661926760
1661976915
1661999383
1662030134
1662031644
1662032573
1662033707
1662034434
1662048235
1662055430
1662057227
1662059594
1662070354
1662078983
1662110045
1662162042
1662230234
1662242451
1662242985
1662243091
1662251655
1662276150
1662301324
1662305303
1662313931
1662317057
1662320054
1662355790
1662532450
1662586857
1662643555
1662645530
1662708622
1662717013
1662725025
1662728965
1662764887
1662784907
1662956595
1663037987
1663062177
1663103970
1663105594
1663117743
1663148275
1663212393
1663230755
1663247105
1663285094
1663298155
1663318010
1663326251
1663335355
1663343825
1663363610
1663368281
1663381320
1663381715
1663523502
1663600007
1663615533
1663634245
1663641565
1663674404
1663687820
1663688460
1663729593
1663807283
1663815765
1663837285
1663838667
1663862195
1663895902
1663896510
1663925763
1663941282
1663954854
1663960622
1663965342
1663969800
1663982235
1663998545
1664009690
1664016171
1664035911
1664117155
1664148097
1664177682
1664184040
1664189572
1664205710
1664249780
1664249907
1664285803
1664319024
1664320964
1664328045
1664351741
1664481353
1664505823
1664510832
1664546600
1664695254
1664707735
1664723354
1664733874
1664739664
1664763973
1664837564
1664886952
1664905981
1664944833
1664958460
1664985803
1664986562
1665004757
1665038723
1665064183
1665074831
1665125210
1665179373
1665183914
1665216790
1665232543
1665298597
1665351065
1665358683
1665372575
1665377300
1665420694
1665439874
1665468072
1665492854
1665568095
1665569772
1665637215
1665643167
1665648932
1665663134
1665683264
1665756283
1665889395
1665946332
1665965117
1665965844
1665976831
1665994450
1666008752
1666014317
1666038394
1666057780
1666061717
1666073985
1666078691
1666177183
1666240557
1666308930
1666321902
1666330110
1666352064
1666364612
1666369684
1666387032
1666389550
1666408927
1666456161
1666483500
1666487427
1666507135
1666522665
1666600480
1666620240
1666680885
1666721525
1666783694
1666798135
1666846935
1666899317
1666961414
1667130857
1667219593
1667258532
1667278030
1667349237
1667380417
1667388184
1667491333
1667496980
1667575473
1667576960
1667577341
1667594442
1667631617
1667636257
1667645563
1667664011
1667706831
1667862321
1667880400
1667906590
1667907312
1667943834
1667954860
1667963460
1667963494
1668007823
1668070704
1668084903
1668133453
1668243471
1668270675
1668273682
1668287375
1668293961
1668432525
1668479835
1668529247
1668595264
1668618095
1668636125
1668656820
1668698334
1668703242
1668726803
1668742463
1668846555
1668859673
1668864154
1668912430
1668938145
1669001972
1669023937
1669024190
1669030452
1669078585
1669286400
1669311943
1669318270
1669328430
1669359391
1669429803
1669503044
1669743854
1669840513
1669945980
1669991431
1670046500
1670105972
1670107221
1670108052
1670116633
1670203411
1670252963
1670270895
1670301037
1670306007
1670311557
1670341224
1670345353
1670367993
1670421223
1670456641
1670483991
1670575022
1670621277
1670632303
1670636083
1670642824
1670666900
1670667693
1670687010
1670697373
1670726192
1670748312
1670855141
1670897812
1670906632
1670949537
1670957081
1671082494
1671094960
1671150863
1671165561
1671184930
1671208505
1671565005
1671692071
1671739715
1671749132
1671912495
1671993215
1672097180
1672124263
1672204240
1672205230
1672239644
1672239707
1672303084
1672306144
1672404275
1672414723
1672515255
1672549114
1672557711
1672561525
1672562233
1672596517
1672599327
1672616444
1672628703
1672632025
1672632512
1672639405
1672884145
1673415051
1673440597
1673464921
1673466710
1673490451
1673612462
1673641837
1673652702
1673657702
1673828564
1673865830
1673921442
1673964327
1674027561
1674029415
1674030050
1674131703
1674151652
1674279627
1674378140
1674387091
1674399124
1674409821
1674457785
1674627637
1675096273
1675103402
1675160895
1675181910
1675404081
1675432412
1675471255
1675510115
1675529730
1675570335
1675662797
1675783285
1675804745
1675812100
1675816384
1675948754
1675951447
1675969154
1675975724
1676079234
1676088643
1676249351
1676376457
1676417433
1676432315
1676461783
1676473257
1676536954
1676586683
1676644284
1676679984
1676682281
1676694463
1676722593
1676739211
1676764137
1678613123
1678655183
1678771107
1678823833
1678834402
1678847595
1678871744
1679001597
1679043675
1679062585
1679117561
1679141193
1679246951
1679281582
1679306240
1679385131
1679408365
1679481917
1679613291
1679719544
1679753137
1679790824
1679824627
1679850264
1679913821
1679925461
1679961227
1679968237
1680052230
1680103515
1680155881
1680237440
1680327601
1680338307
1680400154
1680442410
1680458333
1680488663
1680514825
1680599054
1680660534
1680713003
1680788852
1680850092
1680853825
1680934521
1680950470
1680957325
1680980510
1681035125
1681038892
1681039962
1681043263
1681058545
1681137027
1681148540
1681156957
1681161530
1681311747
1681335541
1681402704
1681416870
1681418484
1681459087
1681470664
1681542354
1681628925
1681831825
1681835991
1681866307
1681877983
1681883333
1681895740
1681944625
1682011801
1682071143
1682188560
1682215935
1682258570
1682273651
1682312837
1682319115
1682330907
1682346610
1682360531
1682363954
1682519225
1682536657
1682541643
1682585455
1682662153
1682717313
1682816693
1682867035
1682939805
1683171751
1683251652
1683298231
1683299344
1683484344
1683487831
1683513717
1683558145
1683811517
1683826613
1683858221
1683875955
1683896720
1683919174
1684046824
1684051333
1684076511
1684092081
1684331092
1684373961
1684422543
1684565025
1684617392
1684626050
1684658867
1684661782
1684684241
1684686964
1684774841
1684802224
1684808912
1684814870
1684816421
1684875765
1684879720
1684899011
1684942324
1684961920
1684970333
1685062241
1685081201
1685086323
1685230080
1685241923
1685274581
1685284002
1685313734
1685713283
1685716171
1685719314
1685731227
1685755070
1685774091
1685903494
1685999714
1686061472
1686119053
1686123550
1686140524
1686160601
1686207427
1686254500
1686300721
1686322744
1686350465
1686411673
1686413984
1686487071
1686514741
1686533113
1686544323
1686548380
1686574137
1686592521
1686631717
1686659563
1686709331
1686757884
1686761670
1686762655
1686775062
1686830902
1686876845
1686878801
1686896234
1686913437
1686924745
1686937907
1687096167
1687103405
1687121343
1687295032
1687301501
1687306121
1687321911
1687327881
1687374262
1687386621
1687386845
1687407505
1687424320
1687512071
1687535637
1687537807
1687542673
1687610161
1687733717
1687768984
1687789527
1687821314
1688041835
1688139267
1688151265
1688226467
1688356607
1688375101
1688433045
1688441364
1688477832
1688507765
1688624487
1688821293
1688848353
1688890583
1688987920
1689219115
1689228450
1689305762
1689319344
1689363804
1689368772
1689371805
1689524921
1689552591
1689576134
1689594260
1689616247
1689646705
1689693957
1689730925
1689912737
1689962165
1689965057
1689979940
1690215614
1690385133
1690470544
1690568983
1690726547
1690938992
1691002893
1691222093
1691345301
1691416971
1691477832
1691686393
1691709447
1691748555
1691761292
1691880577
1692108941
1692226467
1692581304
1692769643
1692874064
1692892085
1692894827
1693098742
1693268152
1693280401
1693391153
1693500547
1693524375
1693932790
1694000693
1694063751
1694420432
1694505894
1694525551
1695006511
1695019717
1697084193
1697087112
1697544543
1697556804
1697698367
1697795025
1697815812
1697850825
1697853463
1697908581
1697954975
1698006103
1698007867
1698008987
1698009812
1698016344
1698029983
1698032271
1698033384
1698062231
1698075671
1698148492
1698169650
1698224691
1698224770
1698243607
1698347402
1698547473
1698672982
1698675637
1698788550
1698808725
1698860691
1698873973
1698880755
1698974475
1699052811
1699066355
1699338881
1699359545
1699466582
1699698704
1699904644
1700026862
1700038121
1700256041
1700266920
1700366384
1700411491
1700596005
1700702397
1700719260
1700729354
1700775842
1700908317
1701171085
1701182952
1701216962
1701270964
1701387250
1701619985
1701681157
1702134204
1702258642
1702467194
1702494042
1702534123
1702591613
1702759850
1702929733
1702983564
1703004930
1703015373
1703097795
1703375634
1703507665
1703532303
1703560724
1703589151
1703612533
1703671917
1703797281
1703797920
1703835657
1703989615
1704099415
1704106354
1704107195
1704151494
1704192177
1704231983
1704287414
1704428594
1704432035
1704540772
1704566693
1704577360
1704581153
1704638067
1704682665
1704685133
1704701184
1704741131
1704744784
1704764971
1704767535
1704961342
1704998991
1705002621
1705017153
1705137652
1705186902
1705258735
1705279550
1705306287
1705348190
1705399054
1705463903
1705574130
1706096493
1706221290
1706225605
1706247001
1706450800
1706468720
1706541175
1706672543
1706679331
1706777554
1706798063
1706870822
1706901411
1706936455
1707015864
1707052985
1707068063
1707133431
1707264922
1707290882
1707347817
1707434391
1707440702
1707463070
1707479210
1707571533
1707615022
1707650364
1707666457
1707668935
1707674963
1707732293
1708030461
1708065350
1708076473
1708143262
1708218812
1708237220
1708242847
1708251827
1708318334
1708434872
1708446594
1708676203
1708707174
1708724947
1708739134
1708753915
1708836795
1708846460
1708893801
1708942053
1708980561
1709002703
1709221161
1709252942
1709272614
1709351397
1709417722
1709482574
1709498127
1709510063
1709699281
1709790845
1709804127
1710194030
1710284473
1710427817
1710450087
1710546672
1710562514
1710640501
1710675952
1710763511
1710816172
1710839084
1710900341
1710983777
1711193394
1711398854
1711646255
1711753875
1711832063
1711883345
1711959603
1712051513
1712068190
1712095043
1712138083
1712170697
1712207812
1712214575
1712260561
1712336002
1712388455
1712652420
1712736232
1712744083
1712749541
1712757880
1712782607
1712831753
1712860750
1712865035
1712901583
1712958850
1712982547
1712989540
1713031610
1713204302
1713372095
1713392820
1713397232
1713404400
1713435162
1713458807
1713470525
1713534812
1713562212
1713606177
1713634211
1713661503
1713670184
1713673422
1713822994
1713846145
1714194164
1714226131
1714265912
1714266910
1714274603
1714294333
1714358895
1714420044
1714432911
1714536775
1714769833
1714772054
1714955613
1714959347
1715015022
1715021841
1715086082
1715132581
1715247112
1715452481
1715496947
1715953944
1716152954
1716277940
1716294162
1716311212
1716321005
1716424827
1716584770
1716642711
1716646322
1716648027
1716750151
1716982170
1716995404
1717016184
1717108584
1717131597
1717132803
1717199152
1717208234
1717588232
1717733133
1717881071
1717893150
1718078043
1718085517
1718265481
1718326402
1718342183
1718344862
1718354661
1718416032
1718421922
1718463102
1718478512
1718491231
1718495302
1718618191
1718758431
1718993581
1719069451
1719116360
1719159663
1719213993
1719468384
1719470583
1719521432
1719686494
1719707494
1720140681
1720141600
1720153524
1720569600
1720593933
1720809874
1720825673
1720835932
1721037912
1721067172
1721108064
1721142013
1721163341
1721183571
1721236621
1721251667
1721283884
1721310391
1721314305
1721371132
1721393734
1721427680
1721510575
1721728852
1721860370
1721932724
1721938393
1721987434
1722185425
1722413037
1722420565
1722541893
1722733685
1722834550
1722896617
1723095563
1723196701
1723283127
1723318791
1723343590
1723370064
1723398142
1723410511
1723429661
1723485811
1723491335
1723516811
1723520121
1723706443
1723903475
1724023023
1724265294
1724284030
1724297990
1724385867
1724702071
1724899770
1724901104
1724955880
1725140860
1725202627
1725273697
1725314932
1725465480
1725503935
1725520354
1725551692
1725781791
1725790475
1725842167
1725903344
1726059424
1726082040
1726121652
1726282630
1726288032
1726296870
1726352404
1726406391
1726427911
1726486810
1726586024
1726646971
1726680630
1726692993
1726787345
1726892494
1726924044
1726966317
1727030533
1727156733
1727159874
1727223650
1727230121
1727269695
1727372020
1727386962
1727453085
1727466203
1727507450
1727518883
1727617317
1727627105
1727708465
1727760702
1728062184
1728079654
1728159337
1728204593
1728249541
1728360157
1728538911
1728743920
1728744265
1728792477
1728840007
1728840921
1728845447
1728899515
1728952341
1728995977
1728997645
1729038362
1729049547
1729096327
1729155203
1729249424
1729336827
1729342980
1729421502
1729429744
1729467110
1729586127
1729588733
1729622685
1729646824
1729665267
1729718390
1729763681
1729786287
1729829552
1729895793
1729901683
1730072147
1730086285
1730089310
1730203460
1730220233
1730283472
1730316895
1730338264
1730342417
1730345814
1730348673
1730356367
1730405775
1730516383
1730535995
1730554485
1730559363
1730579457
1730620742
1730704102
1730709104
1730784747
1730817523
1730828001
1730840961
1731013024
1731045785
1731069763
1731070350
1731186832
1731266057
1731286745
1731328944
1731549472
1731652994
1731660002
1731716205
1731779323
1731784397
1731957672
1732028033
1732115311
1732116502
1732294475
1732373341
1732382240
1732407831
1732451684
1732462957
1732489237
1732506643
1732510557
1732516835
1732573395
1732601981
1732660341
1732788635
1732805617
1732833563
1732840741
1732881674
1733014437
1733015602
1733078595
1733079483
1733086680
1733113884
1733170405
1733227047
1733301167
1733359057
1733378850
1733386685
1733390947
1733577470
1733591701
1733598610
1733642775
1733660561
1733669781
1733681027
1733765455
1733803923
1733913215
1733929103
1734027403
1734046401
1734128683
1734163361
1734175213
1734339787
1734449870
1734479427
1734479835
1734548755
1734566925
1734569062
1734581862
1734588307
1734588471
1734606890
1734616033
1734627645
1734632621
1734643927
1734650687
1734696305
1734904001
1734912532
1734919181
1734922612
1734923341
1734937415
1734958573
1735022341
1735035294
1735035954
1735073481
1735133111
1735196582
1735238612
1735249105
1735381800
1735396907
1735431915
1735446977
1735507195
