1735565132
1735610583
1735644651
1735653047
1735657905
1735664001
1735821083
1735831654
1735850285
1735885085
1735921531
1735924770
1735932724
1735989002
1736022297
1736073855
1736118150
1736152873
1736191340
1736225295
1736270402
1736274582
1736285597
1736285811
1736305611
1736322431
1736605043
1736629641
1736724712
1736751453
1736815900
1736857890
1736877477
1736954793
1737060905
1737128044
1737150463
1737336482
1737405904
1737409085
1737459530
1737483295
1737518621
1737522682
1737604293
1737645345
1737657783
1737674083
1737676122
1737713722
1737756210
1737795723
1737814660
1737847545
1737933447
1737957414
1737959845
1738009431
1738028520
1738092393
1738171121
1738208940
1738257540
1738293890
1738319031
1738328757
1738332192
1738332633
1738392825
1738433520
1738527875
1738551932
1738605624
1738652373
1738661547
1738686512
1738704551
1738717930
1738726525
1738734804
1738768014
1738807075
1738813251
1738916810
1738933752
1738967034
1738986723
1739049744
1739145434
1739149864
1739214784
1739234050
1739530841
1739557995
1739782773
1739786423
1739853825
1739933220
1739944360
1739946640
1739953225
1739960083
1739967725
1739970502
1739973012
1739985612
1739986265
1739995562
1740013572
1740029072
1740042780
1740068904
1740089273
1740094442
1740200640
1740209060
1740244932
1740246677
1740258642
1740304841
1740335667
1740428251
1740438021
1740528100
1740574597
1740619047
1740663415
1740677737
1740724455
1740891333
1740912934
1740954714
1740956864
1740983744
1741060817
1741087237
1741271603
1741353560
1741427760
1741473064
1741487667
1741520100
1741546110
1741558925
1741559590
1741559704
1741564400
1741591513
1741602625
1741611640
1741662732
1741690721
1741836511
1741907257
1741994724
1742079592
1742185233
1742336862
1742417437
1742590622
1742622874
1742666064
1742716527
1742717487
1742744200
1742746404
1742751562
1742827795
1742873565
1742915324
1742944894
1742958442
1742982304
1743021342
1743110075
1743116955
1743152067
1743157492
1743163763
1743196295
1743208833
1743270370
1743289253
1743307830
1743419584
1743428352
1743456160
1743516033
1743519310
1743585224
1743719090
1743734335
1743735520
1743789312
1743796080
1743818607
1743854025
1743865185
1743869465
1743941022
1743990251
1744042262
1744121492
1744125652
1744205280
1744221805
1744357282
1744393160
1744501565
1744507534
1744550501
1744662631
1744664824
1744672552
1744680101
1744689182
1744768862
1744771524
1744778294
1744813744
1744825487
1744827230
1744833443
1744869731
1744871737
1744883334
1744943211
1745415787
1745441721
1745465522
1745477701
1745537857
1745546671
1745573472
1745665015
1745670394
1745774720
1745841665
1745873303
1745894644
1745945040
1745978207
1745989912
1746061273
1746076697
1746084472
1746085220
1746174880
1746207934
1746208130
1746258462
1746344141
1746419962
1746471274
1746562703
1746612643
1746625301
1746634073
1746647613
1746662592
1746663047
1746735542
1746835160
1746868587
1746917494
1746920743
1746960730
1746988502
1747020804
1747056334
1747076785
1747095997
1747099873
1747110851
1747150460
1747190287
1747267692
1747288345
1747305257
1747357433
1747382655
1747416523
1747417165
1747438792
1747462023
1747478444
1747484442
1747516773
1747521752
1747638057
1747656462
1747683325
1747684351
1747685034
1747691974
1747729047
1747753054
1747791291
1747806407
1747807434
1747826982
1747840411
1747841012
1747842352
1747859062
1747869985
1747903142
1747912200
1748077407
1748139253
1748170397
1748187647
1748192781
1748259943
1748278473
1748306211
1748351297
1748380665
1748394150
1748396937
1748411332
1748414765
1748451181
1748469164
1748538292
1748573272
1748616973
1748707272
1748789483
1748825605
1748847222
1748871093
1748894434
1748894795
1748895457
1748921527
1748952344
1748991120
1749013047
1749018603
1749029143
1749039861
1749063230
1749110901
1749112800
1749127163
1749134071
1749134892
1749225193
1749228584
1749234103
1749251900
1749261437
1749290382
1749561185
1749586793
1749590901
1749633193
1749661545
1749694623
1749724297
1749740433
1749753451
1749766371
1749798331
1749843472
1749851901
1749866927
1749884804
1749959635
1749994375
1750012093
1750014235
1750014851
1750019555
1750060687
1750064433
1750082023
1750164512
1750196601
1750221293
1750225022
1750242510
1750258801
1750262837
1750270991
1750307447
1750328255
1750331224
1750375007
1750382553
1750391623
1750417303
1750426167
1750455145
1750464571
1750471675
1750566837
1750585600
1750668440
1750683083
1750692513
1750706991
1750745151
1750747824
1750758833
1750782255
1750832651
1750838603
1750861853
1750907793
1751090215
1751161655
1751166021
1751270000
1751358725
1751383231
1751434203
1751474833
1751495635
1751539885
1751543752
1751579671
1751608321
1751616007
1751812085
1751891224
1751892747
1751964883
1751999431
1752097531
1752205771
1752213665
1752239843
1752269400
1752301020
1752355127
1752496017
1752519463
1752534630
1752558947
1752578111
1752582683
1752587903
1752608547
1752614117
1752627773
1752660257
1752750301
1752765611
1752786603
1752801615
1752832955
1753032824
1753033463
1753036433
1753070367
1753077192
1753137133
1755336785
1755415037
1756295783
1756305511
1756484347
1756494165
1756505825
1756564565
1756638445
1756750747
1756876833
1756881315
1756906387
1756948157
1757027053
1757071787
1757379311
1757487475
1757538183
1757543363
1757553173
1757615871
1757619255
1757694875
1757892957
1758013563
1758053365
1758103755
1758115785
1758161257
1758342651
1758377463
1758397771
1758533755
1758571861
1758662873
1758722007
1758772173
1758854562
1758855737
1758918411
1758936655
1758956305
1758958807
1758990081
1759009625
1759023505
1759038245
1759045485
1759045661
1759084801
1759091107
1759099963
1759101467
1759117387
1759123537
1759124851
1759314037
1759314661
1759330667
1759338571
1759384551
1759446643
1759463991
1759474753
1759536211
1759536861
1759538101
1759652387
1759654757
1759663643
1759852025
1759940495
1760015521
1760125267
1760281580
1760369632
1760395617
1760403075
1760415403
1760449885
1760478445
1760571390
1760589947
1760620845
1760626845
1760631315
1760651843
1760654475
1760666731
1760668211
1760671104
1760682375
1760689463
1760690907
1760797552
1760830941
1760869073
1760886390
1760891051
1760893470
1760924834
1760982760
1760984890
1761017452
1761041595
1761094552
1761094680
1761094694
1761095672
1761104954
1761122404
1761191670
1761191850
1761206354
1761206540
1761210997
1761211110
1761211544
1761211574
1761211774
1761212564
1761214752
1761215030
1761217714
1761218012
1761218194
1761218412
1761218480
1761220884
1761222662
1761222844
1761223172
1761223180
1761223240
1761226132
1761228770
1761234780
1761246110
1761255064
1761255980
1761262214
1761262610
1761283384
1761284054
1761294792
1761507140
1761585717
1761586923
1761594710
1761632241
1761637991
1761639003
1761667083
1761679934
1761705465
1761709283
1761711255
1761712741
1761757697
1761812130
1762021382
1762102691
1762127137
1762191701
1762232833
1762263883
1762268301
1762269177
1762275013
1762282843
1762315143
1762338541
1762384691
1762398885
1762490491
1762567091
1762585563
1762595803
1762615721
1762643435
1762710381
1762715945
1762729521
1762807925
1762820787
1762898064
1762961467
1762968344
1763026320
1763079091
1763112815
1763147232
1763167681
1763249114
1763361663
1763405902
1763620185
1763816897
1763919987
1763964731
1763966763
1763968131
1764000773
1764011733
1764018355
1764027367
1764064861
1764144851
1764330935
1764361741
1764384457
1764403062
1764440211
1764454054
1764460034
1764535737
1764539563
1764549220
1764557060
1764557352
1764569102
1764569253
1764577780
1764578520
1764581960
1764582180
1764596262
1764596902
1764597614
1764600290
1764616801
1764621770
1764627227
1764672421
1764677561
1764905165
1764905733
1764908862
1764924657
1764938975
1764963064
1764969827
1765001927
1765054664
1765067231
1765135010
1765271067
1765285461
1765307683
1765417267
1765429304
1765432653
1765433403
1765439004
1765473432
1765515835
1765519035
1765661224
1765723631
1765753911
1765768845
1765805971
1765830312
1765866831
1765903667
1765911205
1765978843
1766004681
1766014083
1766053417
1766078703
1766137620
1766294174
1766602204
1766673785
1766678097
1766718367
1766882917
1766952651
1766959142
1767041245
1767062680
1767301232
1767430853
1767485842
1767503735
1767727087
1767733405
1767768277
1767856651
1767868420
1767964291
1767971813
1767989297
1768057164
1768296433
1768314605
1768340073
1768350103
1768357881
1768391234
1768414062
1768447890
1768703861
1768735367
1768814201
1768880937
1768955554
1769026373
1769080533
1769134923
1769141473
1769142790
1769143621
1769183610
1769222721
1769321474
1769361314
1769652827
1769657321
1769724003
1769726041
1769806225
1769814703
1769928741
1769960392
1769983242
1770004967
1770110653
1770128652
1770137834
1770174137
1770202261
1770264080
1770300852
1770411071
1770465464
1770471612
1770483827
1770515985
1770526514
1770750072
1770750173
1770761934
1770829141
1770871222
1770915063
1770924910
1771081562
1771104194
1771246885
1771350550
1771400714
1771404723
1771473363
1771616427
1771726817
1771816465
1771884205
1771902863
1771973653
1772032770
1772043111
1772093701
1772161381
1772189733
1772227250
1772285765
1772330294
1772353093
1772354440
1772478781
1772590115
1772595153
1772753050
1772815944
1773038680
1773055073
1773079822
1773105815
1773121404
1773216655
1773280593
1773286334
1773313387
1773364875
1773505575
1773549817
1773591153
1773595920
1773602171
1773686627
1773740527
1773748193
1773791523
1773819674
1773886047
1774049692
1774050107
1774081203
1774144961
1774220025
1774229832
1774234087
1774241277
1774298893
1774319707
1774335305
1774336991
1774352351
1774370994
1774374815
1774447307
1774531175
1774581505
1774615884
1774657385
1774726085
1774783135
1774808392
1774834421
1774899122
1774908223
1774931493
1774947415
1774952575
1774960304
1774978073
1775014590
1775023217
1775083985
1775185667
1775193241
1775201841
1775230800
1775256893
1775298443
1775373483
1775384551
1775394535
1775536703
1775596171
1775632385
1775716865
1775756147
1775797863
1775924763
1776019597
1776106031
1776128037
1776302655
1776465855
1776646063
1776815115
1776860843
1776866717
1776894265
1776994812
1777118671
1777134425
1777351075
1777453597
1777603433
1777782703
1777860167
1777865871
1777959517
1778153221
1778165671
1778196255
1778250287
1778251837
1778474795
1778568945
1778636331
1778696195
1778790205
1778845573
1778891262
1778934027
1779057087
1779096723
1779340955
1779342977
1779348571
1779386873
1779461295
1779499191
1779566683
1779627601
1779665584
1779709147
1779720113
1779737087
1779740017
1779741630
1779954377
1780054245
1780171995
1780492105
1780635261
1780655521
1780676151
1780715245
1780778713
1780787264
1780808275
1780973784
1781109744
1781122431
1781142204
1781142747
1781150131
1781238352
1781253463
1781449465
1781449855
1781459751
1781497053
1781558903
1781594011
1781724625
1781733581
1781789543
1781848840
1781859777
1782119694
1782312447
1782420491
1782430165
1782432341
1782473547
1782554033
1782673522
1782732857
1782808867
1782890965
1783293487
1783507267
1783509147
1783684401
1783799920
1783800903
1783873185
1784025130
1784046047
1784168085
1784256707
1784378353
1784412631
1784448804
1784463253
1784552863
1784553781
1784586680
1784599353
1784725941
1784742491
1784863737
1784887231
1785002152
1785040833
1785056257
1785075601
1785163605
1785216975
1785281394
1785288063
1785308233
1785310057
1785339237
1785373044
1785521387
1785539553
1785577404
1785692931
1785715852
1785725364
1785754431
1785865575
1785998347
1786019434
1786051290
1786164243
1786174884
1786241301
1786242857
1786256983
1786621894
1786666875
1786695171
1786701435
1786776607
1786792044
1786794881
1786797395
1786801541
1786804641
1786833755
1786868043
1786885875
1787174525
1787365897
1787406545
1787449257
1787466831
1787471493
1787477044
1787524467
1787554667
1787580483
1787605023
1787628575
1787635861
1787932407
1787968013
1788039555
1788085375
1788135763
1788137450
1788176923
1788200830
1788283193
1788410045
1788414131
1788514745
1788845653
1788872371
1788886167
1788941594
1789154801
1789389785
1789488661
1789599917
1789781251
1790091233
1790282541
1790310611
1790351571
1790380895
1790392367
1790513377
1790677463
1790697555
1790718047
1790725165
1790790973
1790944153
1790971831
1791071553
1791228655
1791251795
1791282375
1791291393
1791309477
1791325877
1791346245
1791365201
1791418237
1791538313
1791581844
1791711085
1791783505
1791873235
1791901290
1791908283
1791911605
1791939173
1791944493
1792099101
1792150325
1792189524
1792194091
1792223713
1792237307
1792365533
1792419715
1792448297
1792509445
1792548435
1792580133
1792639813
1792785804
