1792856235
1792866967
1792945634
1793069917
1793143133
1793205581
1793264841
1793298401
1793382141
1793483457
1793576017
1793654333
1793720653
1793733592
1793781862
1793799574
1793939721
1793950641
1794056543
1794154870
1794245504
1794276480
1794286643
1794400994
1794497121
1794566583
1794613751
1794659150
1794805030
1795105001
1795122267
1795149313
1795613771
1795699561
1795712077
1795721425
1795741733
1795820694
1795900231
1796041981
1796099207
1796117755
1796123183
1796231343
1796368582
1796381091
1796413151
1796414483
1796479375
1796576535
1796634535
1796970537
1796998483
1796999753
1797019211
1797042937
1797065437
1797142611
1797354995
1797396887
1797433021
1797452757
1797478515
1797519040
1797763403
1797911563
1797966285
1797990237
1798032167
1798036867
1798108255
1798138443
1798252701
1798255525
1798505301
1798539915
1798634593
1798720845
1798751283
1798760301
1798808577
1798827903
1798861265
1799036091
1799061515
1799068405
1799155503
1799191513
1799210163
1799392995
1799514472
1799515517
1799534175
1799556825
1799605655
1799828900
1799874627
1799882152
1799892471
1799950380
1799967722
1799973773
1800059463
1800337365
1800388143
1800460677
1800461405
1800963941
1800999887
1801046113
1801101793
1801108811
1801285001
1801441975
1801470050
1801598323
1801649825
1801663905
1801689012
1801737882
1801748833
1801772561
1801789822
1801791281
1801797001
1801920002
1802011632
1802012071
1802046297
1802141324
1802372741
1802397357
1802438675
1802485367
1802557803
1802593331
1802714447
1802733975
1802788367
1802843511
1802951033
1803067535
1803325455
1803339157
1803385765
1803443567
1803492305
1803510067
1803521913
1803546275
1803627233
1803654663
1803732170
1803755057
1803851193
1803870665
1803893295
1803895912
1803905557
1804031753
1804074335
1804114725
1804188284
1804275524
1804330661
1804380753
1804455367
1804513415
1804576181
1804857195
1804906317
1805243083
1805366493
1805392512
1805445060
1805447285
1805548681
1805571734
1805588435
1805633635
1805678935
1805687443
1806144107
1806198324
1806212110
1806345305
1806415004
1806455504
1806561897
1806578947
1806584232
1806644111
1806645101
1806651825
1806670657
1806692897
1806765027
1806952971
1806960383
1807085735
1807106202
1807168137
1807306803
1807336595
1807399641
1807423785
1807459113
1807462661
1807467647
1807492853
1807493783
1807645500
1807660103
1807675280
1807717673
1807776304
1807904770
1807943824
1808049913
1808142210
1808148315
1808275921
1808365451
1808389121
1808439483
1808559257
1808951997
1808961194
1808979182
1809060783
1809074415
1809077522
1809172317
1809341721
1809485001
1809806607
1809886803
1809907433
1809929092
1809979163
1809986283
1810108463
1810168433
1810210533
1810790602
1810793220
1810822404
1810996181
1811075784
1811421472
1811463942
1811602803
1811694727
1811696373
1811851731
1811982225
1812059615
1812081530
1812128495
1812399985
1812451935
1812542477
1812557667
1812570235
1812782817
1812784915
1813023245
1813077485
1813344121
1813409592
1813492294
1813495783
1813693711
1813766771
1813818151
1813865357
1813967003
1813994841
1814124382
1814180823
1814297423
1814354421
1814643220
1814735683
1814749747
1814815487
1814989447
1815019481
1815061371
1815070353
1815139217
1815151977
1815170525
1815190325
1815271641
1815583617
1815878897
1816092307
1816312613
1816523631
1816593305
1816913723
1816998920
1817124807
1817225235
1817283445
1817397173
1817416741
1817569267
1817671303
1817774940
1817873347
1818025871
1818034147
1818051373
1818444831
1818589872
1818709835
1818803567
1819049777
1819065697
1819102687
1819107401
1819115287
1819118205
1819195717
1819271823
1819422903
1819434843
1819526951
1819688321
1819691447
1819698443
1819720903
1819738765
1819750505
1819754945
1819854223
1819887811
1819952673
1820007567
1820035291
1820060694
1820168197
1820179317
1820208763
1820235775
1820256081
1820273457
1820274583
1820469817
1820597471
1820599145
1820677257
1820707925
1820836471
1821259517
1821359062
1821449631
1821469657
1821561012
1821574710
1821580975
1821684963
1821724707
1821792195
1821861533
1821883705
1821928157
1821949257
1821976232
1822059455
1822063575
1822125547
1822214582
1822220914
1822223433
1822255457
1822382743
1822410547
1822428061
1822430302
1822520053
1822561393
1822646921
1822674203
1822966823
1823033917
1823170827
1823206865
1823273392
1823316584
1823375250
1823456157
1823460501
1823489073
1823550291
1823592752
1823627842
1823637281
1823644505
1823714971
1823754275
1823781915
1823793337
1823797897
1823997704
1824047095
1824059737
1824091335
1824205517
1824249362
1824256677
1824465643
1824466891
1824557442
1824565504
1824841787
1824980363
1825040005
1825072027
1825156867
1825296913
1825660713
1825727273
1825727795
1825737492
1825848385
1825934883
1826034775
1826038503
1826047403
1826164670
1826218737
1826360407
1826451141
1826604253
1826699321
1826739107
1826766611
1826944535
1827096131
1827106465
1827150737
1827234850
1827320761
1827358367
1827360603
1827363695
1827379503
1827403691
1827484223
1827509917
1827535855
1827603301
1827604321
1827652007
1827660645
1827680914
1827685703
1827686673
1827735767
1827863525
1827869537
1827998337
1828216337
1828266780
1828271795
1828318284
1828426945
1828523863
1828541897
1828550427
1828563612
1828703165
1828707653
1828723343
1828727503
1828744321
1828867195
1828980837
1828988237
1829071275
1829141883
1829146833
1829149297
1829236467
1829319543
1829333735
1829439967
1829591131
1829591883
1829607547
1829608305
1829621533
1829648817
1829747523
1829782451
1829801923
1829840707
1829849521
1829981054
1830137271
1830145971
1830177117
1830193421
1830203201
1830216583
1830253924
1830267487
1830372054
1830388431
1830423893
1830441042
1830451955
1830654170
1830765260
1831150952
1831294681
1831429783
1831436914
1831521431
1831734301
1831742891
1831808053
1831843861
1831875530
1832013710
1832213661
1832239772
1832250570
1832466255
1832547884
1832562900
1832604322
1832605830
1832645292
1832657507
1832749227
1832768931
1832769213
1832770563
1832786147
1832827000
1832835083
1832835551
1832874313
1832915290
1833038044
1833061957
1833104972
1833123220
1833133774
1833144101
1833247515
1833319422
1833337651
1833350374
1833449743
1833482377
1833486843
1833584207
1833629741
1833641821
1833848753
1833879677
1833930565
1833963193
1834027967
1834120301
1834154354
1834291683
1834387455
1834387724
1834461577
1834549571
1834581444
1834591251
1834600895
1834675497
1834675894
1834692040
1834708413
1834761497
1834810991
1834824553
1834905545
1835051935
1835120933
1835244103
1835325271
1835370461
1835392837
1835408583
1835411095
1835420921
1835436413
1835438127
1835458445
1835496017
1835526703
1835650752
1835676250
1835747681
1835798910
1835810260
1835842981
1835849475
1836030801
1836067164
1836079803
1836107334
1836228994
1836520703
1836597261
1836599951
1836623917
1836673505
1836752753
1836786897
1836852364
1836900473
1837005223
1837120007
1837146163
1837236151
1837352955
1837479653
1837500563
1837663523
1837695630
1837921085
1838120721
1838364837
1838368117
1838390851
1838617127
1838631297
1838637980
1838649415
1838693323
1838698011
1838700317
1838829762
1838922731
1838978443
1838984745
1839127894
1839146697
1839160137
1839224687
1839248443
1839554561
1839590513
1839618343
1839673641
1839698981
1839725917
1839761283
1839805640
1839822845
1840051307
1840083203
1840210877
1840500357
1840658385
1840688491
1840710225
1840732195
1840783491
1840862455
1840865697
1840893965
1840908067
1840955251
1840957477
1841024773
1841027121
1841029931
1841042417
1841081361
1841090135
1841204013
1841208281
1841283393
1841434641
1841455150
1841504587
1841528155
1841534051
1841543245
1841566337
1841583627
1841664775
1841667831
1841801361
1841835853
1841855143
1841874103
1841901205
1841982555
1842035753
1842472087
1842717241
1842796561
1842931633
1843321807
1843366055
1843472555
1843503910
1843654315
1843680597
1843729493
1843747021
1843771475
1843866547
1844109911
1844135931
1844358085
1844367211
1844411675
1844629657
1844705657
1844815687
1844880617
1844938931
1845007011
1845040420
1845191622
1845215911
1845561267
1845615837
1845731975
1845755100
1845790602
1845840645
1845853590
1845880880
1846026553
1846144273
1846227957
1846253645
1846287907
1846433154
1846568934
1846571987
1846580863
1846722212
1846824847
1846854934
1846894034
1846915301
1846949442
1846955445
1847137040
1847182491
1847184203
1847206875
1847221415
1847245615
1847284005
1847666747
1847707751
1847747891
1847899865
1847958501
1848113101
1848137987
1848155877
1848214247
1848237733
1848292662
1848322945
1848385594
1848927785
1848935112
1848942083
1849046443
1849056873
1849245111
1849309071
1849527427
1849543277
1849562777
1849595401
1849914255
1850056645
1850074625
1850082145
1850197421
1850253814
1850362883
1850412661
1850456305
1850471845
1850511690
1850632113
1850850265
1851067457
1851187547
1851294515
1851319431
1851483661
1851589431
1851602247
1851615057
1851657735
1851708063
1851719275
1851850817
1851857190
1851881587
1852032623
1852196695
1852206145
1852432165
1852441843
1852502191
1852543457
1852645795
1852654971
1852685455
1852735683
1852979812
1853029203
1853090233
1853138045
1853217457
1853272095
1853491993
1853495497
1853522993
1853543373
1853632123
1853682337
1853689605
1853695785
1853830507
1853880513
1853985940
1854078685
1854205475
1854247422
1854328767
1854501890
1854523611
1854539845
1854547045
1854595357
1854606713
1854671777
1854717841
1854745132
1854756287
1854915291
1854951145
1855015133
1855021821
1855057303
1855177601
1855224581
1855257621
1855320523
1855357941
1855517503
1855552015
1855587017
1855613753
1855645427
1855679803
1855699341
1855762203
1855779373
1855843850
1855921491
1855940955
1855989494
1856018363
1856023703
1856035527
1856117961
1856361605
1856481071
1856709027
1857528080
1857538502
1857557874
1857581170
1857582264
1857596834
1857991720
1858603742
1858809552
1858914664
1858923122
1859202780
1859353221
1859607784
1859642505
1859783064
1859953874
1860021890
1860196672
1860215232
1860421923
1860603605
1861031820
1861139781
1861203461
1861419301
1861570440
1861654354
1861766284
1861770601
1861975602
1862032612
1862037081
1862172530
1862191367
1862207020
1862268281
1862349107
1862355551
1862434851
1862600021
1862616714
1862692481
1862727867
1862751615
1862819590
1862954917
1862986025
1863070225
1863084575
1863099747
1863114105
1863199890
1863257435
1863276882
1863412744
1863431577
1863480045
1863494644
1863661707
1863669933
1863737604
1863749020
1863751194
1863772441
1863822692
1863878181
1863893417
1863927993
1863951592
1864049633
1864248443
1864277113
1864388597
1864501433
1864517777
1864533655
1864538921
1864539772
1864547991
1864567525
1864675845
1864738470
1865066525
1865089601
1865098541
1865113345
1865114661
1865168580
1865332785
1865341773
1865503303
1865512647
1865606322
1865654844
1865656907
1865698004
1865831124
1865845554
1865892482
1865932761
1865944873
1865994465
1866071464
1866121400
1866135603
1866208672
1866272851
1866537841
1866557085
1866559115
1866605407
1866797391
1867046475
1867081423
1867206277
1867415483
1867419163
1867469084
1867520995
1867523570
1867632831
1867635495
1867700487
1867708047
1867722383
1867738153
1867779342
1867844523
1867981425
1868048293
1868056090
1868400111
1868413975
1868467332
1868476597
1868664795
1868675655
1868723187
1868770404
1868850921
1868971253
1869027111
1869108863
1869391015
1869455441
1869517481
1869525287
1869562617
1869615717
1869705134
1869887261
1869898063
1869997157
1870026455
1870044862
1870122627
1870191121
1870253352
1870258801
1870329847
1870365233
1870366211
1870394291
1870418202
1870450151
1870508755
1870521265
1870536007
1870828587
1870911682
1870921683
1870962724
1870992335
1871047121
1871139841
1871236225
1871290445
1871378542
1871428087
1871562424
1871584291
1871587837
1871599514
1871629323
1871630581
1871658703
1871660637
1871672550
1871689605
1871721375
1871801123
1871804633
1871898525
1871990381
1872002064
1872020541
1872216673
1872283532
1872563641
1872752090
1872874641
1872925860
1873077703
1873216670
1873219485
1873384703
1873405677
1873425153
1873468981
1873586293
1873617433
1873899343
1873945390
1874095905
1874124301
1874165265
1874176563
1874180723
1874237775
1874264272
1874276325
1874282973
1874288257
1874289657
1874330181
1874356165
1874357587
1874377787
1874477287
1874502197
1874530117
1874545437
1874549267
1874601674
1874628767
1874772085
1874874155
1874896167
1875101273
1875113965
1875117293
1875143783
1875163455
1875167687
1875169661
1875211971
1875286950
1875328973
1875642183
1875642365
1875760723
1875787532
1875798441
1875980535
1876008587
1876086784
1876231747
1876396903
1876459047
1876513061
1876529445
1876695865
1876742543
1876799255
1876811517
1876834413
1877243221
1877262807
1877264281
1877342921
1877368030
1877375603
1877401657
1877423633
1877509425
1877570397
1877583017
1877626511
1877664273
1877693651
1877814271
1877846423
1877922733
1877939940
1877944817
1877945025
1877967664
1878186927
1878249013
1878287277
1878326875
1878369602
1878410631
1878420717
1878475965
1878509407
1878514023
1878578307
1878584605
1878589707
1878620137
1878659177
1878678687
1878737227
1878743673
1878788691
1878973265
1878977404
1879066685
1879258713
1879326192
1879361410
1879392861
1879479843
1879496697
1879501057
1879553355
1879557611
1879566355
1879574385
1879625231
1879639940
1879673052
1879738467
1879795645
1879807004
1879824747
1879860741
1879884353
1879933423
1879936851
1879953194
1880193947
1880202323
1880208493
1880237267
1880239367
1880245795
1880246651
1880251320
1880260105
1880265761
1880308137
1880335905
1880489307
