1880656852
1880844471
1881048785
1881048955
1881061913
1881066417
1881071473
1881103497
1881117664
1881125113
1881224757
1881254674
1881258801
1881265961
1881284197
1881329250
1881362151
1881502563
1881588423
1881682281
1881687437
1881753992
1881848072
1881887271
1881914353
1882008841
1882011875
1882014663
1882151574
1882268970
1882296171
1882309931
1882331391
1882514991
1882548482
1882549542
1882579600
1882626340
1882708084
1882772832
1882815511
1882869931
1882898342
1882923103
1882925684
1882937917
1883245123
1883310925
1883321275
1883348887
1883381734
1883408180
1883416605
1883442683
1883506405
1883545594
1883563975
1883583457
1883664453
1883699144
1883775230
1883824035
1883875283
1883876621
1883887401
1883908131
1883992731
1884026747
1884063051
1884146055
1884188402
1884277373
1884282145
1884308731
1884461750
1884475047
1884496653
1884502997
1884509761
1884529763
1884561197
1884561294
1884616407
1884867783
1884897963
1884907422
1885082493
1885212683
1885298237
1885354931
1885396077
1885494835
1885514233
1885659020
1885681507
1885692444
1885703703
1885761851
1885781745
1885796881
1885816074
1885816907
1885868293
1885890331
1885898007
1885928841
1885938663
1886056485
1886083363
1886111754
1886166307
1886176613
1886231731
1886280161
1886334753
1886339611
1886368503
1886438185
1886686265
1886713544
1886739925
1886859623
1886911474
1887109447
1887538381
1887674795
1887689585
1887703045
1887715185
1887751271
1887789645
1887803387
1887831637
1887838642
1887847237
1887955887
1887966931
1887970593
1888016847
1888029330
1888036932
1888094622
1888222065
1888417153
1888499133
1888542605
1888559755
1888575521
1888605003
1888655105
1888695797
1888696847
1888699597
1888726221
1888728687
1888734201
1888764631
1888804385
1888831517
1889131730
1889184113
1889440661
1889517324
1889552925
1889565441
1889601103
1889781037
1889925980
1890051863
1890289901
1890443153
1890541881
1890600612
1890676852
1890713334
1890725502
1890947135
1890963232
1890968937
1891046451
1891059891
1891121754
1891180135
1891202367
1891270175
1891279131
1891355647
1891357164
1891412181
1891519017
1891523115
1891527507
1891547651
1891637471
1891680031
1891726025
1891734917
1891753602
1891759261
1891766551
1891767057
1891792551
1891851665
1892346453
1892443963
1892523425
1892593713
1892599183
1892600915
1892633413
1892698893
1892865755
1892976714
1893052715
1893147641
1893373231
1893390013
1893410897
1893411180
1893426582
1893441091
1893459293
1893480133
1893507505
1893617354
1893636457
1893667690
1893679220
1893686337
1893706091
1893743077
1893751011
1893789593
1893813301
1893825391
1893873097
1893966993
1894029765
1894064445
1894077227
1894102633
1894103117
1894126197
1894261540
1894291827
1894299964
1894393677
1894468311
1894503533
1894624964
1894631403
1894646091
1894672405
1894711905
1894881671
1894947983
1895084535
1895127333
1895155567
1895205967
1895264740
1895304501
1895379133
1895448427
1895569815
1895570203
1895590711
1895690855
1895692887
1895722187
1895859507
1895966275
1895987715
1896148630
1896258032
1896570531
1896697435
1896989007
1897008101
1897010105
1897031527
1897031953
1897173661
1897280393
1897450805
1897526767
1897645145
1897882921
1898126397
1898129993
1898417403
1898426167
1898468823
1898496327
1898530112
1898543537
1898659275
1898728695
1898806007
1898831343
1898956167
1898978443
1899098113
1899211443
1899309487
1899353684
1899447037
1899468525
1899647925
1899655825
1899703521
1899729081
1899748973
1900003090
1900008251
1900027185
1900195764
1900228333
1900476635
1900513515
1900570877
1900617727
1900713001
1900782361
1900853615
1901095007
1901301435
1901333275
1901335837
1901336503
1901337273
1901344937
1901351713
1901647135
1901679801
1901839524
1901863697
1901919541
1901961261
1902033351
1902276641
1902290724
1902348573
1902499001
1902611502
1902697435
1902730695
1902731474
1903074540
1903433913
1903441314
1903475825
1903610383
1903724432
1903990553
1903999563
1904015281
1904025095
1904033921
1904051757
1904087335
1904088901
1904157503
1904181893
1904262137
1904322617
1904365143
1904387217
1904473182
1904547581
1904606702
1904629312
1904649241
1904710083
1904835421
1904838651
1904860437
1904952445
1904992577
1905003923
1905033557
1905070720
1905077071
1905136337
1905192617
1905201047
1905250165
1905266303
1905389433
1905417075
1905450985
1905512677
1905544097
1905551874
1905617941
1905679543
1905720657
1905839017
1905898445
1905930837
1905952787
1905961197
1906145993
1906190393
1906202303
1906306725
1906343315
1906483735
1906626873
1906689875
1906753073
1906756833
1906767255
1906803523
1906979745
1907105115
1907169517
1907182467
1907254735
1907284517
1907334257
1907352551
1907580033
1907691743
1907747497
1907767253
1907769487
1907888047
1907992593
1908144875
1908193855
1908248274
1908313272
1908362817
1908365323
1908699903
1908723683
1908818887
1908960693
1909110391
1909160507
1909294821
1909571752
1909741130
1909864247
1909975875
1910007131
1910019901
1910121557
1910132102
1910190491
1910203643
1910346244
1910371805
1910526197
1910597850
1910609785
1910727271
1910910041
1911210303
1911237367
1911293223
1911313045
1911366571
1911478485
1911557073
1911559164
1911656881
1911694785
1911791031
1911791813
1911857741
1911872467
1912010385
1912039073
1912047077
1912095127
1912239261
1912279271
1912295105
1912449555
1912449717
1912477385
1912556593
1912573423
1912685737
1912701495
1912793752
1912946815
1913075471
1913190901
1913194347
1913203947
1913206067
1913221153
1913251715
1913266163
1913335205
1913354433
1913418227
1913561255
1913625542
1913627533
1913694965
1913753537
1913966375
1913972523
1913983307
1913986163
1914031765
1914057467
1914074927
1914098822
1914108057
1914400417
1914400545
1914466512
1914474587
1914530514
1914545767
1914572130
1914580303
1914655333
1914674253
1914798123
1914805057
1914880982
1914890834
1914922370
1914938455
1914952011
1915230463
1915264127
1915331467
1915336573
1915464284
1915465543
1915466780
1915557123
1915625503
1915625513
1915646905
1915688235
1915903125
1915976455
1916113172
1916334517
1916432393
1916469081
1916603571
1916631245
1916660485
1916660843
1916667213
1916909247
1916963763
1916966323
1916977515
1917005077
1917040245
1917051155
1917053352
1917342963
1917369903
1917469005
1917674627
1917860675
1918119523
1918157177
1918184791
1918514187
1918545373
1918575283
1918584205
1918761647
1918787383
1918935204
1918993167
1919203100
1919269943
1919415061
1919539302
1919543517
1919584924
1919650835
1919709887
1919780825
1919796955
1919819232
1919867040
1919873587
1919975053
1920075595
1920214743
1920384547
1920419154
1920507164
1920630651
1920833383
1920950277
1921089310
1921338873
1921346775
1921411195
1921706267
1921776821
1921813451
1922050601
1922155570
1922159493
1922402655
1922438603
1922499131
1922503333
1922717127
1922766463
1923156687
1923164415
1923343403
1923453131
1923487397
1923583660
1923590791
1923640681
1923796377
1923815031
1924100227
1924104697
1924264321
1924373315
1924405841
1924408671
1924448702
1924616400
1924663713
1924681885
1924742125
1924781503
1924868292
1925023655
1925117925
1925431901
1925473994
1925546423
1925614182
1925646540
1925908633
1926016565
1926061451
1926100993
1926218161
1926255443
1926292660
1926415437
1926488407
1926546023
1926575501
1926635795
1926889203
1926944223
1927061603
1927074311
1927124577
1927165714
1927167715
1927308302
1927357684
1927388277
1927450635
1927466135
1927633355
1927636603
1927706540
1927750041
1928013483
1928078861
1928118775
1928216161
1928233215
1928246981
1928258945
1928544627
1928687805
1928752047
1928779745
1928791463
1928834937
1928866267
1928941497
1928954823
1929136885
1929143902
1929156325
1929276573
1929329521
1929383934
1929430443
1929500235
1929560097
1929686373
1929888995
1929918463
1930186570
1930356543
1930394417
1930397321
1930557573
1930656933
1930743081
1930923483
1930941135
1930998551
1931068823
1931091803
1931125961
1931253423
1931421114
1931466175
1931552023
1931626865
1931688451
1931818210
1931955450
1932087257
1932096775
1932383433
1932519405
1932794115
1932859445
1932871473
1932878173
1932912985
1932988457
1932996960
1933324977
1933469061
1933538050
1933769595
1933863503
1933916437
1934117244
1934178055
1934222185
1934321753
1934347197
1934363467
1934413077
1934690243
1934904281
1934953851
1934980924
1935229023
1935250842
1935384615
1935456457
1935598367
1935602373
1935746150
1936027515
1936263752
1936270860
1936283525
1936377307
1936470621
1936640712
1936850730
1936870715
1936952034
1937217003
1937461283
1937884184
1937989765
1938276551
1938338260
1938351182
1938852341
1938946481
1939212533
1939307127
1939388782
1939679880
1940606815
1940723083
1940766244
1940838340
1940839727
1940943715
1941190190
1941245047
1941300941
1941325111
1941507595
1941542182
1941544584
1941589945
1941680507
1941681834
1942260785
1942301902
1942361455
1942503623
1942511103
1942616860
1942618183
1942754514
1943310357
1943337341
1943375933
1943430435
1943449160
1943647883
1943975300
1943986191
1944159804
1944229524
1944342287
1944598083
1944876275
1944968187
1945566841
1945608973
1945794374
1945884560
1945890103
1946528564
1946877913
1946972855
1947013692
1948028821
1948048304
1948145191
1948516211
1948661881
1949348093
1949471100
1949529611
1949535527
1949640781
1949765721
1949788477
1949819735
1949977737
1950001955
1950065900
1950371017
1950402434
1951101637
1951129741
1951301773
1951311782
1951324337
1951364487
1951520775
1951700931
1951705377
1952606097
1952812833
1953854827
1954044423
1954330165
1954331271
1954580240
1954919372
1955620995
1955677864
1955936993
1956073424
1956091873
1956349920
1956543567
1956558430
1957134457
1957685443
1957712317
1957900615
1958131730
1958444385
1958576851
1958734297
1958852983
1958967737
1958989013
1959161247
1959162747
1959232805
1959290115
1959388573
1959430563
1959441800
1959704373
1959949757
1959989533
1960069333
1960110147
1960177775
1960242220
1960248570
1960417597
1960421197
1960494571
1960620851
1960692125
1960704865
1961048491
1961146503
1961172681
1961193297
1961243683
1961422240
1961590211
1961637472
1961985897
1962029475
1962145723
1962282551
1962564035
1962843437
1962895767
1962931001
1962992775
1963358125
1963403225
1964076583
1964093283
1964301914
1964439701
1964690235
1964707583
1964875485
1964959441
1965155997
1965184043
1965715555
1965834115
1965900874
1966139803
1966451501
1966501401
1966670844
1966816044
1967025283
1967114481
1967498481
1967515033
1967542883
1967774775
1967901511
1968092361
1968319527
1968387135
1968757511
1968758473
1969308227
1969564995
1969685981
1969700175
1969852797
1969879931
1969917147
1970284665
1970376053
1970403653
1970471315
1970502005
1970609397
1970787261
1970879995
1970918741
1971387047
1971766067
1971871773
1971873893
1971876815
1971880373
1971955142
1972017334
1972090907
1972306445
1972339877
1972353331
1972473073
1972554807
1972571763
1972807241
1972981321
1973190407
1973820991
1974013123
1974093382
1974289283
1974487981
1974571151
1975115867
1975410995
1975513705
1975539163
1975548657
1975645390
1976058255
1976251472
1976447991
1976465085
1976507335
1977030593
1977169351
1977231915
1977890431
1977974895
1978049724
1978158752
1978298587
1978519681
1978587244
1978758433
1980016317
1980017650
1980159890
1980337107
1980446257
1980568912
1980915553
1981330733
1981407455
1981438770
1981723027
1981802133
1981909995
1982311007
1982321781
1982507202
1982873047
1982896035
1983651477
1984033007
1984173817
1984203707
1984381303
1984567655
1984831585
1984868857
1984899223
1984901463
1984959023
1985146705
1985251357
1985357581
1985467285
1985475551
1985557143
1985580987
1985582725
1985615342
1985676587
1985703635
1985912057
1986328557
1986416825
1986754415
1987899425
1988244657
1988274907
1988352827
1988403397
1988444263
1988564207
1988745721
1988980897
1989012283
1989202603
1989660417
1989742287
1989994603
1990197611
1990234037
1990360623
1990550425
1990766822
1990911575
1991125480
1991309401
1991408291
1991521054
1991559490
1991620070
1991925165
1992141565
1992473700
1992890870
1992910073
1992913112
1992989522
1993140802
1993185124
1993803542
1994319145
1994371775
1994514085
1994856991
1995872577
1996782055
1996868807
1997111267
1997120643
1997359363
1997443741
1997449741
1997471507
1997666457
1997726860
1997728243
1997804131
1997913115
1998136561
1998389503
1998403585
1998732757
1999063397
1999238005
1999432017
1999492260
1999663985
1999887583
1999993507
2000126003
2000401485
2000454907
2000506405
2000648503
2000729051
2001464705
2001612981
2001637273
2001667681
2001711671
2001888751
2001907592
2001968460
2001993724
2002061007
2002085183
2002296811
2002465627
2002594171
2003062277
2003162783
2003264165
2003344527
2003745273
2003811301
2003852395
2003907063
2003957877
2004168607
2004307532
2004314517
2004769873
2005047061
2005169612
2005242037
2005718653
2005778021
2005849163
2005856950
2006371095
2007643205
2007962507
2008253235
2008373083
2008467217
2008896587
2009860603
2010223841
2010261880
2010377181
2010392433
2010423562
2010688322
2010712574
2010721297
2010859927
2010946654
2011075693
2011086863
2011178417
2011396883
2011565583
2011580110
2011598643
2011798480
2011818044
2011890145
2011962465
2012169685
2012208953
2012309441
2012327841
2012353003
2012521245
2012667407
2012700851
2012717203
2012812240
2013143381
2013455103
2013499395
2013631421
2013652490
2013726665
2013739460
2013878150
2014060304
2014397911
2014433961
2014549533
2014595704
2015129181
2015320893
2015518593
2015773864
2016015423
2016405557
2016635121
2017116835
2017896143
2017899191
2017985315
