2018339755
2018402293
2018860117
2019264715
2019782815
2019913803
2020740531
2020750505
2021429550
2021566657
2021859193
2022160615
2022368564
2022588201
2023114317
2023265707
2023754071
2023880395
2024309713
2024320707
2024523607
2024783662
2025013682
2025288533
2025407364
2025546013
2026127991
2026815515
2026972317
2027063211
2027144333
2027733060
2027760497
2027775223
2027806885
2028074513
2028336163
2028627933
2028789561
2028987845
2029142195
2029444043
2029486851
2030272733
2030311103
2030597161
2030614161
2030681237
2030723615
2030846915
2030894871
2031329043
2031473245
2031823091
2032263853
2032412341
2032725465
2032745691
2032829483
2032984215
2033511395
2033677330
2033811203
2034233260
2034355511
2034362085
2034626117
2035146330
2035872780
2035946550
2035992602
2036155034
2036203731
2036814892
2037149882
2037289767
2037615607
2037654147
2037655471
2037658153
2039175835
2039368360
2039379901
2039600403
2039691177
2039795511
2039924963
2039955435
2040261595
2040280741
2040288061
2040308881
2040321797
2040508891
2041028560
2041099083
2041187013
2041383221
2041387043
2041396163
2041403141
2041403813
2041511423
2041778805
2042088395
2042174131
2042310493
2042463657
2042638447
2042898227
2042989067
2043090651
2043346735
2043395584
2043509014
2043598491
2043883441
2043999054
2044016803
2044033601
2044176630
2044641861
2044812861
2044868515
2045860760
2046099553
2046625481
2046983705
2047377885
2047676774
2047980830
2049259681
2049563263
2049719723
2049882657
2050127823
2050197727
2051172035
2051375664
2051452114
2052388333
2052551627
2052949071
2052990007
2053000920
2053467383
2053904197
2054942695
2055338115
2055921387
2056012363
2056049087
2056457433
2056543093
2056706643
2056758942
2056760384
2057070473
2057610255
2058548052
2059443847
2060145901
2060462531
2060750830
2060817901
2060834933
2060872135
2061372935
2061757683
2062139075
2062289954
2062305277
2062347991
2062409331
2063849070
2064122813
2064768573
2065025001
2065593183
2066741473
2067186722
2067446080
2068229120
2069143971
2070310990
2071811037
2072270943
2072318747
2073091511
2073225990
2073349411
2073880433
2073992844
2074599755
2074758621
2074896271
2074957591
2075033974
2075097853
2075104547
2075533575
2075700611
2075768657
2075984623
2076039527
2076169717
2076170161
2076184207
2076314463
2076372151
2077344175
2077495781
2077543085
2078040915
2078694893
2079912247
2080431813
2080518357
2080662327
2081225325
2081366541
2081474005
2081474015
2081599555
2081687847
2081766185
2081982257
2082069663
2082196590
2082418057
2082587743
2082724407
2082909173
2082941065
2083418111
2083726665
2084632837
2084685483
2085827747
2086558080
2087378295
2087573177
2087942147
2088011313
2088033687
2088218567
2088549943
2088554633
2090727713
2090818895
2091128175
2091368714
2091558903
2091903354
2091937625
2092117003
2093252963
2093880341
2094063867
2094396663
2094624710
2094791727
2095056865
2095085713
2095583617
2095605967
2096586757
2096604047
2096751327
2096910832
2096957461
2097623211
2097787512
2098015065
2098057651
2098655761
2098758995
2098911447
2099150254
2099175622
2099176463
2099236055
2099267544
2099274494
2100317937
2100382452
2100471227
2100614452
2100634243
2101104004
2101676202
2102188492
2102242513
2102498931
2102779681
2102786361
2102940355
2103515742
2104587295
2104845451
2104846865
2105138214
2105153947
2105178687
2105408284
2105565163
2105803782
2105881602
2106158064
2106233622
2106484490
2107006407
2107074462
2107181065
2107768405
2108393324
2108434415
2108467061
2108600311
2108728357
2108735351
2109130173
2109208090
2109394657
2110026615
2111301307
2111510674
2111789007
2111824101
2112095425
2112264815
2113328283
2113697401
2115313227
2115769887
2116611882
2116630570
2116653702
2116755832
2116890774
2117119073
2117684681
2117802677
2117985605
2118066107
2118147420
2118484243
2118529997
2118538393
2118689975
2119109023
2119302053
2119390053
2119858551
2120033303
2120189421
2120409217
2120469947
2121058771
2121401517
2121714325
2122050065
2122233441
2122586520
2122848622
2123726093
2123900535
2124002387
2124799324
2125000693
2125260685
2125419833
2125629715
2125721453
2125729644
2125749543
2126148612
2126255161
2127306701
2127468153
2128432413
2128472193
2128841143
2129732685
2129951187
2130626195
2130692107
2130732863
2130809627
2131304781
2131465174
2131702234
2131850432
2131950472
2133569192
2133939171
2134390723
2135227355
2135415330
2135750422
2137159557
2137271805
2137347073
2137562687
2137596872
2137731425
2138043973
2138466637
2138548495
2138605515
2140138053
2140500463
2140655693
2141006743
2141817924
2141966481
2142979201
2143671435
2147234363
